30
6
5 2 4 6 3 1
6
2 4 8 16 32 64
3
1 1 1
3
200000 200000 200000
200
78624 85540 11284 27664 24388 42224 91728 15652 117208 70980 29160 31725 4185 10260 9045 15660 34020 5805 43470 26325 25056 27260 3596 8816 7772 13456 29232 4988 37352 22620 95904 104340 13764 33744 29748 51504 111888 19092 142968 86580 18576 20210 2666 6536 5762 9976 21672 3698 27692 16770 84240 91650 12090 29640 26130 45240 98280 16770 125580 76050 12528 13630 1798 4408 3886 6728 14616 2494 18676 11310 90720 98700 13020 31920 28140 48720 105840 18060 135240 81900 46440 50525 6665 16340 14405 24940 54180 9245 69230 41925 85968 93530 12338 30248 26666 46168 100296 17114 128156 77610 364 135 116 444 86 390 58 420 215 398 216 235 31 76 67 116 252 43 322 195 117460 169346 141129 102135 57853 173857 146480 13181 186739 78405 26146 163547 88761 19054 107771 99195 62547 135384 132087 83289 20003 91735 86149 191461 6891 43081 107978 4964 17082 134683 70645 21274 181364 140787 53681 42398 117649 164188 75437 95031 100343 27213 174050 148360 34380 167984 104407 180344 80190 181058 93784 165758 110850 152139 106229 169239 29927 148358 52786 126156 71463 171779 44884 90082 146920 64648 93078 119301 71307 125140 138488 135816 106372 181760 85574 136870 190103 72253 63952 40250
200
21065 7150 9020 20130 21285 8855 10230 1320 6490 17618 5980 7544 16836 17802 7406 8556 1104 5428 103793 35230 44444 99186 104877 43631 50406 6504 31978 52088 17680 22304 49776 52632 21896 25296 3264 16048 75068 25480 32144 71736 75852 31556 36456 4704 23128 152434 51740 65272 145668 154026 64078 74028 9552 46964 106474 36140 45592 101748 107586 44758 51708 6672 32804 71238 24180 30504 68076 71982 29946 34596 4464 21948 134433 45630 57564 128466 135837 56511 65286 8424 41418 55 46 271 136 196 398 278 186 351 383 130 164 366 387 161 186 24 118 135501 128913 184122 125817 144606 88798 169114 188761 174176 93876 175030 142520 68207 46771 21317 157120 188391 49328 196685 34120 40654 109029 91206 63929 115640 90192 181991 87577 160206 29949 83843 31912 140417 84617 12979 177050 49656 40330 135597 159196 169094 55025 157546 195838 171087 179761 79514 50371 22753 185153 22912 149889 173499 185066 71679 98906 151364 183705 83371 195005 183609 25912 111048 141449 58879 127225 38415 188788 195900 57141 185344 106508 102924 57451 132304 148535 136076 163130 154847 12511 139549 84954 153531 17606 108954 69659 126339 4410 72946 70047 118866 34998 88104 141496 40815 128906 157786 97343 178559 115721 6031
200
0 0 0 0 0 0 0 0 0 0 0 0 0 0 0 0 0 0 0 0 0 0 0 0 0 0 0 0 0 0 0 0 0 0 0 0 0 0 0 0 0 0 0 0 0 0 0 0 0 0 0 0 0 0 0 0 0 0 0 0 0 0 0 0 0 0 0 0 0 0 0 0 0 0 0 0 0 0 0 0 0 0 0 0 0 0 0 0 0 0 0 0 0 0 0 0 0 0 0 0 123621 185 103282 147850 175011 19564 47089 48926 157972 51977 69020 156094 125178 168646 115361 92627 124868 46305 61136 46674 14386 119555 95840 47840 79572 124162 112332 124512 110479 113728 56041 151383 189510 194014 20787 4889 42009 16518 171368 28435 91223 59873 10622 114912 180042 28559 104535 87281 52685 142733 119079 135677 7281 130413 147659 189465 5743 18350 96256 1829 65456 143388 108857 132424 182650 102346 53672 150 56790 181779 6697 35686 102051 5225 44940 105849 188216 19086 116236 61719 165720 153684 101146 88639 164383 122569 155822 23491 1064 175304 179740 115529 97609 198467 188688 84126 177360 87626 117318 110188
200
1 1 1 1 1 1 1 1 1 1 1 1 1 1 1 1 1 1 1 1 1 1 1 1 1 1 1 1 1 1 1 1 1 1 1 1 1 1 1 1 1 1 1 1 1 1 1 1 1 1 1 1 1 1 1 1 1 1 1 1 1 1 1 1 1 1 1 1 1 1 1 1 1 1 1 1 1 1 1 1 1 1 1 1 1 1 1 1 1 1 1 1 1 1 1 1 1 1 1 1 1 1 1 1 1 1 1 1 1 1 1 1 1 1 1 1 1 1 1 1 1 1 1 1 1 1 1 1 1 1 1 1 1 1 1 1 1 1 1 1 1 1 1 1 1 1 1 1 1 1 1 1 1 1 1 1 1 1 1 1 1 1 1 1 1 1 1 1 1 1 1 1 1 1 1 1 1 1 1 1 1 1 1 1 1 1 1 1 1 1 1 1 1 1 1 1 1 1 1 1
200
56356 56064 47158 24820 55188 58984 19710 149768 148992 125324 65960 146664 156752 52380 45934 45696 38437 20230 44982 48076 16065 30494 30336 25517 13430 29862 31916 10665 83762 83328 70091 36890 82026 87668 29295 143978 143232 120479 63410 140994 150692 50355 7720 7680 6460 3400 7560 8080 2700 146 388 119 79 217 373 20 386 384 323 170 378 404 135 121510 141226 10511 181640 151706 165571 22294 56194 105169 10761 177676 70435 27252 13142 6019 196555 190866 154732 123961 36025 37084 6333 24418 36529 121885 102795 139852 156346 115459 120075 56569 40365 127695 178201 41250 181219 61291 9289 168554 68354 181008 163688 78009 194852 63124 91927 184421 92932 153008 20673 13368 39419 35870 46041 160306 70576 198738 43349 73339 133975 135047 121970 62404 73390 4888 182430 96143 9510 115927 166297 123049 110722 193212 183980 9358 83284 54636 76883 183733 53117 115877 168604 171303 194579 25176 88447 91782 76496 91504 90838 71528 81099 168946 22314 14270 156252 105596 36937 178893 85673 21489 80332 30323 151999 43937 45382 168399 81739 26828 55778 187953 75193 15413 146249 188661 24314 116292 99472 22247 27041 126924 130300 31366 126419 17272 115883 12184 1334 13387 80171 102112 49197 46908 98991 42460 119401 19690
200
191797 62974 50742 179918 76699 18918 1798 191492 37901 49166 153294 198405 46147 100895 120871 122104 98989 6271 10094 129445 138680 169251 142086 2241 146233 23429 53871 3213 30994 29846 23874 83755 192726 100791 43356 117489 150187 130756 145058 158799 178656 158063 136787 180512 52458 136715 164235 43785 27606 83124 119225 127730 14249 77586 23724 111681 178429 31108 139469 5530 173302 166447 153626 143550 128317 78389 157868 153805 25640 85863 88088 55530 165003 24101 3826 24947 153038 31638 151939 129949 96729 39619 106975 168998 86734 66360 83505 176172 89418 157484 146336 132358 167655 150900 198304 25671 189814 197126 179584 65813 134005 174361 143194 39611 150435 4707 174787 142491 177429 189376 198786 19564 1194 174986 129068 24744 112987 39915 53971 189658 128543 105600 108756 30095 42231 193245 182360 37192 23772 142382 82282 4838 5075 35494 167085 56717 166854 91017 114908 12446 135031 133093 75566 110154 177796 51162 67776 198493 18012 98212 36459 111035 49111 66800 29207 160304 62273 85209 33727 30362 81940 45608 195695 134659 59144 192945 129406 103403 163493 174308 34883 108026 117177 71450 46017 138116 151736 45205 51464 83040 103228 85576 29157 77403 195899 73134 93576 143946 111401 71792 167042 145808 30155 188805 90668 89588 136431 163941 183488 55942
200
92040 82600 124785 14160 10620 70505 45135 56050 5900 95580 21830 126360 113400 171315 19440 14580 96795 61965 76950 8100 131220 29970 74568 66920 101097 11472 8604 57121 36567 45410 4780 77436 17686 45864 41160 62181 7056 5292 35133 22491 27930 2940 47628 10878 78000 70000 105750 12000 9000 59750 38250 47500 5000 81000 18500 1560 1400 2115 240 180 1195 765 950 100 1620 370 33072 29680 44838 5088 3816 25334 16218 20140 2120 34344 7844 57720 51800 78255 8880 6660 44215 28305 35150 3700 59940 13690 64584 57960 87561 9936 7452 49473 31671 39330 4140 67068 15318 74880 67200 101520 11520 8640 57360 36720 45600 4800 77760 17760 14040 12600 19035 2160 1620 10755 6885 8550 900 14580 3330 295 405 239 147 250 5 106 185 207 240 45 312 280 423 48 36 239 153 190 20 324 74 10902 126382 45359 164542 99861 35345 56089 159870 12720 105213 107214 59392 13374 155914 198315 145867 138023 4571 67756 46061 93899 29864 154648 65675 141563 71707 63453 191150 131847 7984 12711 68081 194546 118494 65055 61928 175496 188078 19419 189736 177185 60087 87620 61719 135732 115796 134688 36186 260 122281 137668 17214 21807 30719 44627 7755 51495
200
4594 1375 177693 70717 74165 88747 135826 191247 150456 109404 113785 166631 125677 91149 155729 90116 30803 2153 21641 197934 170536 77726 88357 137755 156744 143647 115530 50904 149154 108132 127181 163036 62585 107227 80213 113296 49249 83103 65772 173287 172643 57637 18937 83424 162628 63220 41014 177876 13626 81736 6431 169639 176361 178828 108131 2670 155982 38548 20268 51056 80251 92766 128197 70414 166419 160643 41620 55323 131838 78706 61741 196346 40600 102767 67836 61385 10778 98397 148166 69472 1222 120694 196809 65330 88592 68464 25973 28303 191398 158473 153157 49678 179737 84303 33880 162885 188860 7010 197517 46391 56919 116992 95586 177757 199850 35139 55061 143546 184522 178659 80594 11426 112983 112634 30275 102965 8160 197503 128950 127895 33890 50618 62659 51753 103086 3639 63365 170814 97266 104584 4959 119791 25427 180013 181703 176379 73121 67780 61439 162669 93562 177466 17528 121920 139381 162717 43758 268 79727 182852 104089 48432 186293 135376 157784 113879 10980 64230 187374 47083 161382 89129 28328 78856 146586 132162 173505 154369 94697 197244 93247 125566 96505 133146 142145 49902 150810 77071 63727 31120 155374 187119 155153 43649 6696 72357 126919 104458 71850 36421 24060 188560 192225 50792 3709 115972 114854 23697 6771 21914
200
41264 96971 69320 9262 5573 4666 166456 72325 142595 103053 50961 193419 178863 194149 63615 115554 30894 59230 106329 174973 87481 23249 34052 196151 86538 175355 135022 58686 12438 111614 127477 79211 156327 138350 168728 173795 125660 93033 190015 33982 99225 62090 49963 123567 167552 189694 25354 187285 75791 90232 38139 190169 191877 52268 139508 169879 92093 145591 182413 154974 146611 147087 161737 17216 181739 81756 89301 179139 142089 171780 186331 18010 147101 99835 160030 68812 107808 112715 26308 28668 144885 182936 165135 118711 145149 35662 108936 112899 137801 180633 191947 11617 167958 174137 66413 2611 165925 153766 96447 38495 127069 123976 124679 106383 44344 194861 55952 54084 6457 141327 6363 146452 174587 184967 22023 25117 9605 149776 109551 129038 117214 149016 159722 26032 79555 27090 55522 126697 97419 131713 39848 128158 37060 135097 92366 8198 42393 119421 72949 152028 75640 48810 20486 107125 37901 12158 84554 190283 13739 182313 155232 152884 139706 76160 12747 158589 27485 87038 143054 128885 147846 55812 44200 175269 9039 1742 104104 141726 121593 196756 92160 173228 186718 115180 19018 109492 57486 146690 133777 198810 155632 167794 10451 165908 45673 52150 89989 188805 105921 177734 166786 75687 157236 186052 168278 10914 47887 53068 33141 199946
200
200000 200000 200000 200000 200000 200000 200000 200000 200000 200000 200000 200000 200000 200000 200000 200000 200000 200000 200000 200000 200000 200000 200000 200000 200000 200000 200000 200000 200000 200000 200000 200000 200000 200000 200000 200000 200000 200000 200000 200000 200000 200000 200000 200000 200000 200000 200000 200000 200000 200000 200000 200000 200000 200000 200000 200000 200000 200000 200000 200000 200000 200000 200000 200000 200000 200000 200000 200000 200000 200000 200000 200000 200000 200000 200000 200000 200000 200000 200000 200000 200000 200000 200000 200000 200000 200000 200000 200000 200000 200000 200000 200000 200000 200000 200000 200000 200000 200000 200000 200000 200000 200000 200000 200000 200000 200000 200000 200000 200000 200000 200000 200000 200000 200000 200000 200000 200000 200000 200000 200000 200000 200000 200000 200000 200000 200000 200000 200000 200000 200000 200000 200000 200000 200000 200000 200000 200000 200000 200000 200000 200000 200000 200000 200000 200000 200000 200000 200000 200000 200000 200000 200000 200000 200000 200000 200000 200000 200000 200000 200000 200000 200000 200000 200000 200000 200000 200000 200000 200000 200000 200000 200000 200000 200000 200000 200000 200000 200000 200000 200000 200000 200000 200000 200000 200000 200000 200000 200000 200000 200000 200000 200000 200000 200000 200000 200000 200000 200000 200000 200000
200
1 0 1 0 0 1 0 1 1 0 1 1 0 0 0 1 1 1 0 1 1 1 0 0 1 1 1 1 0 0 0 0 1 1 1 0 0 1 0 0 1 0 1 1 1 1 0 0 0 0 0 0 0 1 0 1 0 0 1 0 1 1 0 1 0 0 1 1 1 1 0 1 0 1 1 1 1 1 0 1 0 0 1 1 1 0 1 1 1 1 1 0 1 0 0 1 1 0 1 1 0 1 0 0 0 0 0 0 0 1 1 1 1 0 0 0 0 1 0 1 0 0 0 0 1 1 0 0 0 1 0 0 0 0 0 0 0 0 1 1 0 0 0 0 1 0 1 0 0 1 0 1 1 1 0 0 0 0 0 1 0 1 1 1 0 0 0 1 1 1 0 1 1 0 0 1 1 1 1 0 0 0 0 1 0 0 1 0 1 1 0 0 0 1 0 0 1 0 1 1
200
169512 99057 108647 170116 126993 91543 111350 39738 157220 74568 122367 137330 2024 171149 110469 179513 112630 2995 184358 164857 28898 74712 8407 166078 112736 61086 153308 172406 42109 289 36566 50815 81381 52715 54747 119210 41251 142211 119498 174321 130494 33957 40296 29277 89218 97225 16701 11597 1057 75952 25911 4214 162357 89196 90728 51721 120651 98310 160590 16706 161229 13451 127708 196203 123848 153817 126439 184144 139498 100398 57522 75157 196510 99835 69982 181541 142938 196639 134492 144738 97087 182349 42203 11373 14184 75349 153187 105928 55 91399 2056 50194 154917 134653 93365 24023 72239 157209 57240 167787 13646 177554 125024 41749 165581 51789 77421 63838 195621 101930 32121 123035 189959 73511 132322 6940 95269 190476 98567 30592 125825 85988 37954 57162 114254 83432 128758 81251 75635 151450 59610 50826 124041 121675 53961 149350 72795 67400 196361 61649 120029 142190 174135 12350 82423 84642 180408 94639 129807 100210 184008 6613 28596 5734 100730 87194 185759 189924 138581 198222 102536 71372 193446 157080 18486 123557 190782 46444 85437 164832 148155 3282 46878 72398 89565 105572 159906 21303 94649 84635 103413 21873 10933 105839 13254 74694 153712 50652 5151 31147 131049 81727 62870 117150 24634 97020 138397 168927 142050 75059
3
65537 65537 131073
200
33830 22440 68680 62730 34680 13600 50320 36380 53040 46580 48110 44370 80396 53328 163216 149076 82416 32320 119584 86456 126048 110696 114332 105444 48755 32340 98980 90405 49980 19600 72520 52430 76440 67130 69335 63945 17313 11484 35148 32103 17748 6960 25752 18618 27144 23838 24621 22707 45571 30228 92516 84501 46716 18320 67784 49006 71448 62746 64807 59769 86764 57552 176144 160884 88944 34880 129056 93304 136032 119464 123388 113796 21691 14388 44036 40221 22236 8720 32264 23326 34008 29866 30847 28449 15920 10560 32320 29520 16320 6400 23680 17120 24960 21920 22640 20880 5572 3696 11312 10332 5712 2240 8288 5992 8736 7672 7924 7308 63481 42108 128876 117711 65076 25520 94424 68266 99528 87406 90277 83259 88555 58740 179780 164205 90780 35600 131720 95230 138840 121930 125935 116145 62685 41580 127260 116235 64260 25200 93240 67410 98280 86310 89145 82215 170 404 245 87 229 436 109 80 28 319 445 315 199 132 404 369 204 80 296 214 312 274 283 261 135608 32250 20127 189449 37585 74081 49791 74267 119449 82218 37652 190740 170514 189080 135638 47069 128013 141250 110580 37092 149162 183546 26071 23011 197442 73086 65396 123676 3146 73357 88272 165024
200
119440 148675 119074 7208 58589 119756 52902 73368 68947 88416 145636 171711 54027 153205 191544 194899 121063 11370 101012 177328 138216 7031 114480 167895 47490 139142 184634 23386 158052 185898 41719 38096 48585 88740 62545 142362 120183 86331 138620 167974 32341 1673 47720 123627 129076 123345 146167 14896 57794 2735 132481 115354 148065 31357 180676 155921 141277 6036 141669 26880 8965 48899 164123 184877 7462 81813 183650 57083 181578 96803 140181 135877 55858 111868 196076 113070 167246 12598 156957 5232 97604 178424 4065 106279 77514 16124 167432 174443 72924 74064 93669 125626 21571 178078 133407 90679 53722 94847 104462 117029 76770 199219 141197 70392 42869 9623 173836 183362 175073 55196 118676 42227 173244 168592 49644 85575 55738 154955 24516 81264 62140 199417 101873 125868 116446 29241 61268 143995 149621 106524 5850 185643 115094 90825 193240 44969 101551 11317 175544 169770 121144 96410 79944 80137 130468 143056 59465 187801 87424 6741 98133 83163 195971 162763 78833 112698 58539 145196 69261 100058 10825 8045 108485 39045 139818 118012 34614 60280 150873 50518 20649 165741 122788 38521 76072 135875 158922 28241 17781 157680 76905 181611 48569 70136 144132 108341 126803 68812 177568 144084 63686 73869 132230 98175 57806 131238 128849 128993 21935 25621
200
141332 79995 187816 165196 32719 138744 199100 84489 106009 165962 53792 166158 177185 132215 75343 63671 185694 58010 27377 33270 144978 33945 7704 94164 30429 98299 134264 31457 120660 5397 167130 13542 20899 180613 154394 31354 151701 131681 128384 81017 79561 34290 176158 29693 73784 37401 40635 120479 81664 191542 158801 142519 137327 10298 68565 85385 126259 94537 194011 160008 100077 11620 31990 160191 170356 123130 62922 150039 95151 189790 11338 28024 173755 153669 23285 158828 103290 101208 119181 99139 178031 33747 27792 44540 13476 145936 31585 7246 198993 198426 49412 164874 143202 73291 62432 120507 159978 36599 29563 189791 3734 199972 20033 161067 120108 43749 35828 105936 34960 128996 144938 102797 111859 196006 169050 104558 197929 6104 115884 166947 59310 86404 139270 62997 41694 90155 197238 69419 101060 190685 60712 3593 97781 117386 197408 82967 184706 173325 31214 134607 76735 116166 39363 164440 194109 117319 136975 172340 55714 125218 9950 35946 156291 153627 86580 35051 173824 135905 39830 41726 195324 198390 192555 167275 140048 169172 70237 18049 13129 61179 129251 13812 92130 146157 125532 105247 126200 172444 140187 188623 157919 42116 52198 175629 129445 90753 46053 118184 97947 11431 136312 99723 83560 65192 121794 149377 193432 6507 86729 14423
200
0 0 0 0 0 0 0 0 0 0 0 0 0 0 0 0 0 0 0 0 0 0 0 0 0 0 0 0 0 0 0 0 0 0 0 0 0 0 0 0 0 0 0 0 0 0 0 0 0 0 0 0 0 0 0 0 0 0 0 0 0 0 0 0 0 0 0 0 0 0 0 0 0 0 0 0 0 0 0 0 0 0 0 0 0 0 0 0 0 0 0 0 0 0 0 0 0 0 0 0 0 0 0 0 0 0 0 0 0 0 0 0 0 0 0 0 0 0 0 0 0 0 0 0 0 0 0 0 0 0 0 0 0 0 0 0 0 0 0 0 0 0 0 0 0 0 0 0 0 0 0 0 0 0 0 0 0 0 0 0 0 0 0 0 0 0 0 0 0 0 0 0 0 0 0 0 0 0 0 0 0 0 0 0 0 0 0 0 0 0 0 0 0 0 0 0 0 0 0 0
200
0 0 0 0 0 0 0 0 0 0 0 0 0 0 0 0 0 0 0 0 0 0 0 0 0 0 0 0 0 0 0 0 0 0 0 0 0 0 0 0 0 0 0 0 0 0 0 0 0 0 0 0 0 0 0 0 0 0 0 0 0 0 0 0 0 0 0 0 0 0 0 0 0 0 0 0 0 0 0 0 0 0 0 0 0 0 0 0 0 0 0 0 0 0 0 0 0 0 0 0 189394 83740 138244 52711 162141 78044 119848 32682 21305 37397 189770 42961 9844 150015 186003 139559 167381 135272 55945 155360 21937 159224 49744 31682 78333 198974 161067 37433 37184 191447 37306 9341 128129 174032 118926 48788 91416 164628 110394 65508 64108 112122 151618 44214 37881 129580 88061 16961 17474 97770 131102 2847 102399 32857 84790 27228 2539 48555 129301 156414 144267 87670 181791 147225 137851 132664 56800 61830 122611 155672 182602 9365 20318 23268 182322 16675 152895 85054 134310 160681 107459 17424 52409 145391 30352 72692 93194 37679 48195 39218 195766 116728 156591 2155 5071 141572 5984 193988 7649 47424
200
42107 106235 152036 91856 99483 2662 20212 122222 144888 128681 52070 162594 4875 185364 26992 181752 63878 78321 186864 128984 187013 41391 108054 12015 168140 164144 197594 95650 89661 124288 65436 96959 138919 122066 20759 2471 164052 127212 82436 193674 30022 125020 149609 140026 185328 114067 34812 76889 146859 72519 163436 60071 30494 173325 54960 108201 9532 55428 180385 62689 54613 109750 44859 198222 25809 31145 102783 134954 85438 189415 180929 154513 96707 79905 55504 3462 11597 23456 28513 105655 5217 136295 163406 18404 136055 94196 89305 99819 21353 27352 54544 63516 127694 101267 157867 21647 29221 155894 170446 30828 38106 104045 20282 165292 143408 182364 114651 58679 88529 126798 20653 128171 143240 118826 24968 109136 63953 115495 101876 87364 34632 30326 176599 163500 74118 94271 60417 10789 120331 71735 94839 163817 146695 27423 158117 156502 117702 127618 170643 77623 198578 52653 27551 140529 170628 14666 14212 106720 132008 184723 205 6203 17611 110600 86467 9499 30185 180293 90385 47488 142212 147912 163242 13297 145607 31382 194960 74223 144251 134274 154080 86166 113696 78399 103111 53209 179735 166310 24037 23463 106788 198280 160899 193209 189242 151618 83269 40870 184341 126426 36366 136171 114766 62190 135758 51708 9957 34037 7456 193043
200
124166 64798 132130 5068 80364 90500 6878 103894 155660 70590 20272 131026 68378 139430 5348 84804 95500 7258 109634 164260 74490 21392 82320 42960 87600 3360 53280 60000 4560 68880 103200 46800 13440 134456 70168 143080 5488 87024 98000 7448 112504 168560 76440 21952 12005 6265 12775 490 7770 8750 665 10045 15050 6825 1960 64141 33473 68255 2618 41514 46750 3553 53669 80410 36465 10472 9604 5012 10220 392 6216 7000 532 8036 12040 5460 1568 99813 52089 106215 4074 64602 72750 5529 83517 125130 56745 16296 60025 31325 63875 2450 38850 43750 3325 50225 75250 34125 9800 65856 34368 70080 2688 42624 48000 3648 55104 82560 37440 10752 95354 49762 101470 3892 61716 69500 5282 79786 119540 54210 15568 362 382 240 392 35 187 28 291 175 192 278 343 179 365 14 222 250 19 287 430 195 56 4457 147906 194559 165650 170678 108315 111387 186296 76185 98363 175111 3739 75893 23200 99007 41354 87085 51909 37953 57010 141292 54642 183657 170650 81489 90663 80831 93409 41822 167780 147197 43831 45941 128810 175835 19121 141132 152024 86732 141947 5268 108926 140282 190796 24458 138582 11152 61904 153016 58509 20156 115354 105123 196400 166462 118416 39505
200
28044 20520 4028 26068 23408 23864 31464 20596 27284 30704 8284 28272 119187 87210 17119 110789 99484 101422 133722 87533 115957 130492 35207 120156 12177 8910 1749 11319 10164 10362 13662 8943 11847 13332 3597 12276 99999 73170 14363 92953 83468 85094 112194 73441 97289 109484 29539 100812 159039 116370 22843 147833 132748 135334 178434 116801 154729 174124 46979 160332 164205 120150 23585 152635 137060 139730 184230 120595 159755 179780 48505 165540 102213 74790 14681 95011 85316 86978 114678 75067 99443 111908 30193 103044 100737 73710 14469 93639 84084 85722 113022 73983 98007 110292 29757 101556 93357 68310 13409 86779 77924 79442 104742 68563 90827 102212 27577 94116 112176 82080 16112 104272 93632 95456 125856 82384 109136 122816 33136 113088 44649 32670 6413 41503 37268 37994 50094 32791 43439 48884 13189 45012 164574 120420 23638 152978 137368 140044 184644 120866 160114 180184 48614 165912 76 323 33 271 431 445 277 273 253 304 121 446 369 270 53 343 308 314 414 271 359 404 109 372 86391 96542 188372 26479 26994 24214 44543 8817 150221 150715 183527 46767 130749 191733 18460 91756 150503 84452 155126 117165 20637 185436 153230 79534 70345 84594 32031 81223 189511 66358 83401 49430
200
67773 164096 144512 178898 146209 151084 178146 172901 98068 154446 72537 142771 25142 32382 193151 50555 3570 192057 92700 76935 177613 4651 95447 29265 62898 142218 182238 180324 91999 53581 132611 11124 50712 84104 31259 38509 51692 137912 37263 102911 56112 107090 31269 152902 69859 88464 173070 18294 86744 192670 129729 97528 73721 111016 117536 160386 95167 111872 118089 5180 46735 120425 34300 14195 85174 87079 169211 33068 2531 25179 176683 172989 111851 167902 173761 170690 32502 78234 67142 110134 67609 153338 141458 123348 28297 172747 162835 152163 63393 27114 36912 132459 147138 75182 39155 127049 182153 65266 166692 132349 104900 114802 131477 196774 160395 151368 129056 80062 37110 119295 151862 118654 136220 32941 165955 146766 190490 136581 34861 8393 69566 82447 128002 92822 19407 22196 47502 8249 44778 86813 128278 39651 153041 33837 80131 32388 94328 7536 197171 90622 94097 94124 145542 154054 41361 136714 140411 3182 199786 194507 69964 31209 33542 39579 70227 121243 148658 193823 54535 83026 149725 55468 123283 72623 116138 18056 91557 35685 5511 107677 129319 22158 107493 78814 104258 191319 58745 50449 30595 72431 169546 96916 148773 100550 186663 70703 92295 198830 106672 45783 149872 122136 106679 168628 146099 194242 119922 63247 177241 52543
200
0 0 1 1 1 0 0 0 0 1 0 0 0 0 0 0 1 1 1 1 1 1 1 0 1 1 1 0 0 1 0 1 1 0 0 0 1 1 1 1 1 0 0 1 0 1 1 0 1 1 0 0 1 1 0 0 1 1 0 1 0 1 0 0 1 0 1 1 0 1 0 0 0 1 0 0 1 1 0 0 1 1 1 1 1 0 1 1 0 0 1 1 1 1 0 1 0 0 1 1 0 1 1 0 0 1 0 1 0 0 1 0 0 0 1 1 1 1 1 0 1 1 1 1 1 0 0 0 0 1 0 0 0 1 0 0 1 1 0 1 0 0 1 0 1 0 0 1 1 1 1 1 0 1 1 1 1 0 0 0 0 0 1 1 1 1 0 1 0 1 0 1 1 1 1 0 1 0 0 0 0 0 0 0 1 0 1 0 0 1 0 1 1 1 0 0 0 0 1 0
200
1253 2863 2926 2975 2009 2471 2380 58533 133743 136686 138975 93849 115431 111180 57996 132516 135432 137700 92988 114372 110160 49583 113293 115786 117725 79499 97781 94180 28640 65440 66880 68000 45920 56480 54400 77686 177506 181412 184450 124558 153202 147560 64261 146831 150062 152575 103033 126727 122060 7 327 324 277 160 434 359 179 409 418 425 287 353 340 191958 47877 9549 124553 172943 133590 5206 56571 4435 128938 172552 101816 174213 166372 189606 99423 187420 86114 23255 180160 19195 36638 149356 83248 24871 133883 48220 99009 158001 42720 124069 101067 17501 130559 177178 40598 79295 72543 9510 10963 125434 113 162400 45820 166770 179646 102280 188074 167204 158991 7260 193671 115035 157697 21401 39308 69054 80483 174920 156480 175578 190455 29243 61408 51728 155221 47970 32297 174494 125283 116522 190724 143669 199897 135614 171256 169680 112463 137032 145706 149836 143615 31745 19737 51087 106847 87850 161673 94007 113121 192383 6149 43243 62996 29532 186354 121729 151158 192314 126241 104353 51060 41898 164018 97525 107856 22956 156625 59958 3054 138568 57876 89742 159492 178022 26923 183092 170980 132050 141282 188831 57013 144900 24223 9086 46479 86210 70136 96871 7280 177666 56124 30716 97435 58517 167313 169556
200
100601 183948 178367 52177 141066 157655 25419 137490 56310 62511 155472 58263 63231 157070 55366 27633 47448 179644 90386 119659 87796 18421 50114 31252 101307 166453 192545 191443 102705 31427 47139 90313 33579 198008 73942 138598 124096 27122 80221 124569 175452 114471 101922 141831 46165 199983 36772 119003 121875 158752 37323 154944 160790 108215 140486 13170 109768 113999 53645 29676 183421 186942 133349 139290 97566 1172 104881 85518 123285 74206 85649 129147 146297 9683 166448 166401 39313 198658 110482 25655 162379 3238 199981 81537 131581 21431 173433 135062 2443 183594 76875 193525 75426 157405 83787 75867 65230 141336 199754 68355 36637 136771 75341 129382 2340 180556 192388 92893 173052 105035 34233 1994 74100 159327 91780 107503 197009 113819 169308 44990 41115 83708 187403 106365 27912 88192 150861 96884 183001 177713 45921 13730 102877 90425 105535 165981 92775 112034 155661 16680 128384 106642 179792 58823 171865 42479 1023 53995 46250 136521 85981 64125 49048 163412 176044 17185 194050 168922 160081 22937 183665 113351 85933 5081 31559 101702 102386 71986 18486 76365 33022 158141 12151 114543 76644 127406 167440 46581 66244 49093 94790 146109 141741 102918 150263 104611 47633 104954 8120 82391 159659 171971 37479 196183 155303 79281 141832 199479 173883 32610
200
65537 131073 131073 65537 65537 131073 131073 131073 65537 131073 65537 65537 65537 65537 131073 131073 131073 65537 131073 131073 65537 131073 131073 131073 65537 65537 65537 131073 65537 65537 131073 131073 131073 131073 65537 131073 131073 131073 131073 131073 131073 131073 65537 131073 65537 131073 65537 65537 65537 65537 131073 131073 131073 65537 131073 65537 65537 131073 131073 65537 131073 131073 131073 131073 131073 65537 65537 65537 131073 65537 65537 65537 131073 65537 65537 65537 131073 131073 65537 131073 131073 131073 65537 65537 131073 131073 131073 65537 65537 65537 65537 131073 131073 131073 131073 65537 131073 65537 65537 131073 131073 131073 131073 131073 65537 131073 65537 65537 131073 131073 131073 131073 131073 65537 65537 131073 131073 65537 131073 65537 131073 65537 131073 131073 65537 65537 131073 131073 65537 131073 65537 131073 65537 65537 65537 65537 131073 131073 65537 131073 131073 131073 65537 65537 65537 65537 131073 65537 65537 65537 131073 65537 131073 65537 65537 65537 131073 65537 65537 131073 131073 131073 65537 131073 131073 65537 131073 65537 131073 131073 131073 131073 131073 131073 131073 65537 65537 131073 131073 65537 131073 65537 65537 131073 65537 65537 65537 131073 131073 131073 65537 131073 65537 65537 65537 65537 65537 65537 131073 65537
