30
6
5 2 4 6 3 1
6
2 4 8 16 32 64
3
1 1 1
3
200000 200000 200000
200
116688 107440 83232 73168 61472 27744 104720 13328 36720 2145 1975 1530 1345 1130 510 1925 245 675 102531 94405 73134 64291 54014 24378 92015 11711 32265 13299 12245 9486 8339 7006 3162 11935 1519 4185 79365 73075 56610 49765 41810 18870 71225 9065 24975 165594 152470 118116 103834 87236 39372 148610 18914 52110 138138 127190 98532 86618 72772 32844 123970 15778 43470 81510 75050 58140 51110 42940 19380 73150 9310 25650 9009 8295 6426 5649 4746 2142 8085 1029 2835 272 5 239 31 185 386 322 190 21 429 395 306 269 226 102 385 49 135 97265 129921 115471 112252 8280 21280 112218 122552 176774 93072 151811 90658 5000 143946 119730 73210 132797 11738 18347 120487 147372 162866 192173 196928 89835 80616 37987 130869 120035 8918 125544 100099 49010 84052 194078 43944 129917 24309 44804 136952 57600 34756 160350 140300 22046 188936 1138 131848 169998 21578 192738 14239 194479 133381 85077 65352 196448 198276 124397 111011 70428 128596 150887 126597 168128 17035 126861 168795 153945 111286 82802 86819 138762 78884 179569 171130 50811 10774 55474 173076 156809 20011 27170 137562 69940 195871 71525 184943 179279 144240 62134 54315 126426 127070 3433 163632 193443 76817 57625 94315 108453
200
104232 19608 32508 38184 39990 83850 53664 96492 33532 6308 10458 12284 12865 26975 17264 31042 126048 23712 39312 46176 48360 101400 64896 116688 49692 9348 15498 18204 19065 39975 25584 46002 29088 5472 9072 10656 11160 23400 14976 26928 125644 23636 39186 46028 48205 101075 64688 116314 5656 1064 1764 2072 2170 4550 2912 5236 109080 20520 34020 39960 41850 87750 56160 100980 258 83 312 123 72 311 14 270 404 76 126 148 155 325 208 374 140888 196011 174496 153712 138936 147523 30885 70971 174730 153959 162407 177900 143694 146370 124325 128877 153431 401 77216 4397 149706 81714 11899 151315 172681 79753 105777 106838 115371 160157 10637 21388 164384 35409 182440 178787 104115 178059 58771 153755 119982 65457 137217 42132 184588 49777 31371 39389 64457 107611 8889 13709 154637 159749 145129 106939 134444 24705 182257 22942 80841 135152 159002 41198 27504 82757 187302 64558 127924 41336 104876 100937 18969 174646 14862 66018 165318 5587 184426 111965 115786 133849 130091 194903 52236 101262 77070 134357 70072 109863 143699 115646 132306 182240 194219 142242 186141 55666 65756 856 79981 61214 139560 26088 104254 60096 131145 130496 64052 106568 77293 43323 72258 185159 12410 57502 33665 54614 121857 52592
200
55018 68350 49191 141517 40996 168668 137668 148126 122771 15657 197473 125624 78759 165868 20128 8872 10463 172348 195035 160906 67018 150953 131522 79429 153625 157541 134070 34219 57842 125208 86427 185270 176479 183704 142927 35041 66487 66844 172730 195545 46779 71108 144688 87298 104718 12958 69849 129178 27469 170533 89667 41670 102116 184237 126982 42742 22578 152486 142232 169847 29688 15374 64807 50234 77359 113643 171279 53569 15517 147573 51361 109613 20073 8133 84731 170653 103932 145242 173289 15470 20097 23812 74578 2056 4239 105001 38124 93461 70571 35694 79561 70489 186622 68879 154211 162147 85465 170871 147973 35972 117593 160635 52204 177793 166876 46806 61989 111785 16614 121271 189767 93526 39854 118054 146474 18954 183635 127839 188973 153025 90287 186274 172001 126526 181325 72894 117332 107978 119820 26936 39074 170283 186313 63558 155874 151408 5300 154075 75064 120774 123024 173336 121127 80873 133970 72338 99765 197155 164235 72039 156806 25403 145303 159303 11706 140994 113341 74503 141170 60221 20152 140734 189191 27189 10343 119403 105212 167563 189175 171084 25355 18223 158817 138228 119277 121004 25027 154090 199785 30573 39737 102327 8173 107637 194199 55681 4606 51297 146916 87450 60079 24570 44111 167375 163013 7357 148105 90952 78350 39630
200
0 1 0 1 0 0 1 0 1 0 1 1 1 0 1 1 0 1 1 0 1 1 0 0 1 1 1 0 0 0 1 1 0 1 1 0 1 1 1 0 0 1 0 1 1 1 1 1 0 0 0 1 1 0 1 1 0 1 1 0 0 0 1 1 0 0 1 0 1 1 1 0 1 1 1 0 0 1 1 0 1 1 0 1 1 1 1 1 0 1 0 1 1 0 1 0 1 0 0 0 0 0 0 1 1 0 0 1 0 1 1 1 1 1 1 0 1 1 0 1 0 1 1 0 1 0 0 0 1 1 1 0 1 1 1 0 0 1 1 1 1 0 0 1 1 0 1 0 1 0 1 1 0 0 1 0 1 1 0 0 1 1 1 0 0 1 1 0 0 0 0 0 1 1 0 1 1 0 0 0 0 0 0 0 0 0 0 0 1 0 0 1 0 1 0 0 0 0 1 1
200
118559 50273 6834 192726 50397 33435 190638 166376 20407 23957 185275 119988 38886 32301 130909 66070 166827 47083 189335 127584 25061 64415 168682 181616 95726 21060 133782 197710 55373 99968 137047 80489 26912 131304 65906 34912 127140 21007 9322 144889 186295 135725 56490 109628 74876 33003 172616 19523 6815 2284 176105 99452 39504 193726 147027 41688 100644 117625 62767 41836 196043 35250 181379 114997 31545 196989 94738 154718 180595 174969 184544 77157 40540 183737 1224 51903 164898 139927 28106 149641 144345 156556 40231 68552 5606 24632 165759 89637 74249 68055 141359 197831 169092 89660 29438 11429 120176 32028 113658 58225 50923 53908 2136 60063 170744 36269 102076 186597 56539 97073 59706 177336 158221 115493 81008 186004 74908 90007 157418 137518 160090 58800 170190 51490 62171 71809 40479 175252 175506 184375 106716 147721 71964 106760 138076 77395 151706 101309 145228 10829 154273 186201 151430 128820 26700 53776 58080 145217 57076 76961 183592 63728 49525 81257 40113 119414 48446 190350 20689 89020 60296 54959 160863 175170 52632 97000 85033 87991 159380 29758 162796 145024 186944 130212 119381 26675 45665 99137 6468 114496 152569 26731 24027 48393 139674 173489 134698 13663 17068 46026 189186 136131 29188 166984 144177 141847 10369 23344 121890 84675
200
198819 196867 18091 143989 38285 59083 153459 157292 57390 61936 38748 74790 49031 64896 52043 108501 124722 125708 156229 117813 178390 111 122069 59687 112383 14192 18758 133598 8286 141533 31784 143802 181156 144439 1787 3101 35836 79512 158557 168254 76573 157540 51888 76184 169145 58283 62708 91516 102003 35252 26508 25861 189742 185447 112721 121478 36474 179452 94678 137451 65583 112030 123815 168230 56625 2911 78372 37170 140999 139857 97529 7365 187991 141930 24577 69980 28080 182554 5853 154828 117698 61661 26840 113551 110727 79938 48235 80241 29613 93683 80426 140005 148338 59894 197472 87133 156043 100648 101791 33254 1719 130786 142298 128287 40363 130631 90874 24815 26753 52490 26393 30570 172024 164901 133282 9135 139225 4576 75654 146440 86318 53461 40171 61990 194913 109504 58258 145374 51809 140794 137312 143728 29627 20703 128030 107920 100386 141991 51147 121235 23083 549 146439 38095 4248 128441 128188 22260 106780 61672 185238 82912 18977 169835 2124 8371 197508 103150 62414 176025 149568 34308 7760 115052 128616 63417 121546 171009 18101 144483 120812 183618 135052 136824 192928 182629 160893 121451 45987 101100 27953 107131 23909 160524 34412 53665 86824 139033 24140 74740 150220 164223 131873 181955 136316 94013 133752 54184 56497 156663
3
65537 65537 131073
200
0 0 0 0 0 0 0 0 0 0 0 0 0 0 0 0 0 0 0 0 0 0 0 0 0 0 0 0 0 0 0 0 0 0 0 0 0 0 0 0 0 0 0 0 0 0 0 0 0 0 0 0 0 0 0 0 0 0 0 0 0 0 0 0 0 0 0 0 0 0 0 0 0 0 0 0 0 0 0 0 0 0 0 0 0 0 0 0 0 0 0 0 0 0 0 0 0 0 0 0 0 0 0 0 0 0 0 0 0 0 0 0 0 0 0 0 0 0 0 0 0 0 0 0 0 0 0 0 0 0 0 0 0 0 0 0 0 0 0 0 0 0 0 0 0 0 0 0 0 0 0 0 0 0 0 0 0 0 0 0 0 0 0 0 0 0 0 0 0 0 0 0 0 0 0 0 0 0 0 0 0 0 0 0 0 0 0 0 0 0 0 0 0 0 0 0 0 0 0 0
200
29106 16335 12969 15246 27027 21087 31482 2673 35937 74970 42075 33405 39270 69615 54315 81090 6885 92565 70560 39600 31440 36960 65520 51120 76320 6480 87120 49392 27720 22008 25872 45864 35784 53424 4536 60984 294 165 131 154 273 213 318 27 363 20580 11550 9170 10780 19110 14910 22260 1890 25410 8526 4785 3799 4466 7917 6177 9222 783 10527 102018 57255 45457 53438 94731 73911 110346 9369 125961 97314 54615 43361 50974 90363 70503 105258 8937 120153 99 255 240 168 1 70 29 347 331 294 165 131 154 273 213 318 27 363 163007 92847 5864 117905 65106 45464 23769 149698 56586 181111 65368 21091 3653 15405 8699 132988 111930 171919 187617 7122 46970 79131 140020 144201 87103 136477 72677 79622 185786 54854 88421 86711 35041 176304 38540 29961 93202 112598 129950 83817 109356 92360 67525 92002 142777 113294 198924 90668 127387 162181 99744 42797 79398 178158 142484 109278 71952 198060 106387 137791 40553 105547 65493 145760 89168 72972 61930 25227 145044 86645 187349 103072 127195 88250 185790 80308 147432 71028 192632 126235 50604 65651 17473 199962 158907 84773 36421 198656 44355 28522 87185 152881 50649 151839 12076 62431 34803 145610 194689 137442 100136
200
63270 51800 48655 50320 25160 43105 16835 47545 64010 9435 56425 39405 71965 37962 31080 29193 30192 15096 25863 10101 28527 38406 5661 33855 23643 43179 147744 120960 113616 117504 58752 100656 39312 111024 149472 22032 131760 92016 168048 115254 94360 88631 91664 45832 78521 30667 86609 116602 17187 102785 71781 131093 148086 121240 113879 117776 58888 100889 39403 111281 149818 22083 132065 92229 168437 27018 22120 20777 21488 10744 18407 7189 20303 27334 4029 24095 16827 30731 43776 35840 33664 34816 17408 29824 11648 32896 44288 6528 39040 27264 49792 10944 8960 8416 8704 4352 7456 2912 8224 11072 1632 9760 6816 12448 109098 89320 83897 86768 43384 74327 29029 81983 110374 16269 97295 67947 124091 53694 43960 41291 42704 21352 36581 14287 40349 54322 8007 47885 33441 61073 79344 64960 61016 63104 31552 54056 21112 59624 80272 11832 70760 49416 90248 80712 66080 62068 64192 32096 54988 21476 60652 81656 12036 71980 50268 91804 60534 49560 46551 48144 24072 41241 16107 45489 61242 9027 53985 37701 68853 185 111 432 337 433 79 128 32 319 157 232 236 177 342 280 263 272 136 233 91 257 346 51 305 213 389 161792 82777 50357 160977 110384
200
142351 21649 137437 12439 181779 133660 99765 93053 187175 10465 43928 145108 74971 31180 121095 181728 112198 3967 141405 114625 140037 39825 95218 64014 122496 91849 112944 35115 99517 57981 59441 137921 140646 136354 76626 198546 157197 111202 157932 137419 37355 10875 52997 140346 62869 44848 42387 37886 190294 22678 148708 56289 152706 108485 197789 193319 171676 66001 144833 68471 28200 44312 68909 119856 119547 92690 142997 144558 94234 129187 187119 152547 180015 91765 112165 114899 13214 7723 103900 140138 118596 123874 146990 192941 107876 9501 87758 158469 84789 58156 92132 122751 44000 19835 139094 47371 57928 38349 137316 138216 134771 101266 130597 178272 35591 152771 16730 136110 120395 149968 146505 9895 159936 35704 170832 138254 181223 37337 41681 31678 197388 121619 15654 154832 174848 198875 63721 137727 184712 155305 41695 91406 13549 3466 143601 170896 124800 17767 137624 63681 139687 184776 1391 5859 38372 626 81932 59850 63607 99017 60960 191494 82278 160183 54395 112891 191772 13364 193828 63340 177570 125833 11136 26928 194686 20237 149590 187986 57309 92741 100844 40032 141654 176544 115075 148486 149496 145958 46210 116854 59814 104569 15823 78540 151388 4921 12953 99747 134158 37647 103579 89589 13524 11240 180736 129087 130343 33470 74823 80466
200
19392 79872 57216 9792 79680 9408 77376 72192 25152 43329 178464 127842 21879 178035 21021 172887 161304 56199 12726 52416 37548 6426 52290 6174 50778 47376 16506 7171 29536 21158 3621 29465 3479 28613 26696 9301 43127 177632 127246 21777 177205 20923 172081 160552 55937 32926 135616 97148 16626 135290 15974 131378 122576 42706 22018 90688 64964 11118 90470 10682 87854 81968 28558 38582 158912 113836 19482 158530 18718 153946 143632 50042 19392 79872 57216 9792 79680 9408 77376 72192 25152 192 429 126 71 427 326 218 382 192 101 416 298 51 415 49 403 376 131 158126 40629 987 51807 19450 166780 191207 7875 115470 91466 117336 195570 78335 31280 70170 194732 172729 64153 182043 146593 119035 56312 47455 102075 77970 174742 57471 26644 167929 68208 37809 108127 139358 30885 65796 198441 77343 83669 47676 179261 130081 65080 3679 160809 49049 138436 173147 144782 147402 157750 22788 110226 129531 43845 117457 23169 115231 198953 174946 51460 104511 181773 27335 69603 122921 60423 120894 137767 116065 6988 121535 12381 7287 128368 186841 100295 163077 76366 145466 77016 85517 86191 149452 172567 7168 143865 10156 152068 151395 92292 135379 143926 56591 182077 76107 83064 154179 21895 74499 137253 38797
200
0 0 0 0 0 0 0 0 0 0 0 0 0 0 0 0 0 0 0 0 0 0 0 0 0 0 0 0 0 0 0 0 0 0 0 0 0 0 0 0 0 0 0 0 0 0 0 0 0 0 0 0 0 0 0 0 0 0 0 0 0 0 0 0 0 0 0 0 0 0 0 0 0 0 0 0 0 0 0 0 0 0 0 0 0 0 0 0 0 0 0 0 0 0 0 0 0 0 0 0 162046 63634 71697 102520 165712 97724 22825 47222 197627 28419 41240 117753 162561 138228 168652 130742 52829 35399 22255 135717 188412 35061 86943 131014 24611 118822 139418 154657 67002 54848 170725 10255 37282 165069 197150 177308 130826 85120 114323 180145 123057 156809 65864 123986 64058 1223 128852 23160 50202 66766 46755 177745 103852 102213 14862 57531 114618 55403 195217 19297 14219 1087 67426 69170 53396 26591 104828 110637 143752 11372 55417 165903 53947 136396 116925 153051 138278 58273 178729 111899 106113 113035 19562 100146 113326 68145 64637 153019 56616 168980 142360 186849 97258 114112 80364 144263 160844 98923 37238 48442
200
0 1 0 0 1 0 0 0 1 0 1 1 1 1 1 0 0 0 1 0 0 0 1 1 1 1 0 0 1 1 0 0 0 0 1 1 1 0 0 1 1 1 1 0 1 1 0 1 0 1 0 0 0 1 1 0 0 1 0 0 1 1 1 0 0 1 1 1 1 1 1 1 1 0 1 1 0 0 0 0 1 1 0 0 0 0 0 0 0 1 1 1 1 1 0 1 1 0 0 0 0 0 0 1 1 1 1 1 0 0 0 0 1 1 0 1 1 0 1 0 1 1 0 1 0 1 0 0 0 0 0 1 0 1 0 0 0 0 1 0 0 0 0 0 1 1 0 0 0 0 1 1 1 0 0 0 0 0 1 0 1 1 1 0 0 1 1 1 1 0 1 0 0 0 1 1 0 0 1 1 0 0 1 0 1 0 0 0 1 1 1 1 0 0 0 0 1 0 0 1
200
131073 65537 65537 65537 131073 65537 131073 131073 65537 131073 65537 65537 131073 131073 131073 65537 65537 65537 65537 131073 131073 131073 65537 65537 65537 65537 131073 65537 131073 131073 65537 65537 131073 131073 65537 65537 131073 65537 65537 65537 65537 131073 65537 131073 131073 65537 65537 65537 65537 131073 131073 131073 65537 131073 65537 131073 131073 131073 65537 131073 131073 131073 131073 65537 131073 65537 65537 131073 65537 131073 131073 65537 65537 65537 65537 131073 65537 65537 131073 65537 131073 131073 131073 65537 131073 65537 65537 65537 131073 131073 65537 65537 65537 65537 65537 65537 131073 131073 65537 131073 131073 131073 65537 65537 131073 65537 65537 65537 131073 65537 131073 65537 65537 131073 65537 131073 65537 131073 131073 65537 131073 65537 65537 65537 131073 65537 65537 131073 65537 131073 65537 65537 131073 131073 131073 65537 65537 131073 131073 65537 65537 65537 65537 131073 131073 65537 131073 131073 131073 65537 131073 131073 65537 131073 131073 131073 131073 65537 131073 131073 131073 131073 65537 131073 65537 131073 65537 131073 131073 65537 131073 131073 131073 65537 131073 65537 65537 65537 65537 131073 65537 131073 65537 65537 65537 65537 65537 131073 131073 131073 131073 131073 131073 131073 65537 65537 131073 131073 65537 131073
200
1 1 1 1 1 1 1 1 1 1 1 1 1 1 1 1 1 1 1 1 1 1 1 1 1 1 1 1 1 1 1 1 1 1 1 1 1 1 1 1 1 1 1 1 1 1 1 1 1 1 1 1 1 1 1 1 1 1 1 1 1 1 1 1 1 1 1 1 1 1 1 1 1 1 1 1 1 1 1 1 1 1 1 1 1 1 1 1 1 1 1 1 1 1 1 1 1 1 1 1 1 1 1 1 1 1 1 1 1 1 1 1 1 1 1 1 1 1 1 1 1 1 1 1 1 1 1 1 1 1 1 1 1 1 1 1 1 1 1 1 1 1 1 1 1 1 1 1 1 1 1 1 1 1 1 1 1 1 1 1 1 1 1 1 1 1 1 1 1 1 1 1 1 1 1 1 1 1 1 1 1 1 1 1 1 1 1 1 1 1 1 1 1 1 1 1 1 1 1 1
200
21153 75965 54801 27299 6337 77572 112168 196060 119325 65793 179204 24335 125443 81144 72231 41032 99001 37282 153051 156598 162302 70549 31078 3168 158708 100491 20270 64192 163169 111836 81321 116695 148374 186163 6644 92902 13585 128041 52306 114045 48887 99098 112166 81890 90096 45663 135637 83973 134691 190613 160363 108198 95084 29819 7795 70712 51086 168907 11263 119420 198037 135024 119276 92479 185491 160979 110499 168318 17250 172689 416 178251 50028 2011 140467 156567 184213 64636 176740 183424 85299 69215 121720 125966 73240 97537 186130 4567 113853 24994 194607 12109 100871 143552 188266 74102 192728 143952 193852 155548 126113 120565 63186 185186 78555 197759 145101 127338 8036 162979 195242 116022 163895 137615 67225 48517 84943 9871 60229 193498 115980 59390 107577 14413 83376 153885 185380 104958 1036 177687 82485 193308 25583 192450 199363 8721 34609 126000 30239 110455 317 59431 46496 107803 94937 96219 98377 183570 144304 142417 113702 9914 157695 184600 90749 77545 88057 113894 90368 71547 180368 50052 192400 134556 108722 70098 197790 154387 73581 96903 87314 45812 147477 23821 128234 178812 128904 1277 62665 39979 191032 135709 15980 45189 94171 123350 184113 114591 100200 142344 122642 125551 88951 91260 180158 51295 110945 142557 142781 190148
200
36061 122757 46483 131464 94953 39456 82894 24389 95886 189167 166728 5607 167362 177218 3038 54844 170769 113152 144632 84746 52342 87817 175254 35865 80482 20540 173513 95589 68021 96162 35783 180364 10013 150151 164349 174720 170915 138193 24600 127069 16672 707 135934 129110 156393 64926 154936 180350 184715 161815 77484 24799 193997 57403 24384 17689 33072 3559 122668 36473 94110 125670 4042 59011 60332 78758 138991 46461 88276 15018 48079 5825 82264 20959 151542 202 199207 65034 170593 180726 173823 52237 18212 60302 23837 114617 130233 185194 12791 41554 128875 9113 25186 188124 22426 167536 45097 45567 29501 25727 52795 20178 106217 76203 46987 146397 122525 167251 12540 8993 163797 167014 178163 155641 175708 149510 71283 76259 18656 65300 174537 184068 167 151517 184889 168527 26924 23745 43067 135288 143030 80057 32022 199351 137944 192363 51781 156276 60359 80767 2895 28719 99846 158475 34289 110290 158338 86557 174084 59145 105949 71011 22581 149048 147214 135929 36543 45855 40177 16643 193878 96408 161427 61590 176206 82017 182287 158407 83702 146521 199192 171094 87556 43520 88889 129228 52134 135341 142948 171983 49468 11611 105264 23468 9636 152253 44464 179139 80636 27173 72080 64756 39222 130030 189379 6119 59396 32634 40010 192116
200
60347 138099 67299 116397 6289 88 171352 199111 110449 76966 196092 164538 148930 51616 190601 27582 51506 640 78531 128290 154693 107820 51591 168582 108322 165292 168343 30950 48650 24954 76188 196372 124186 96165 107579 7076 61592 82239 24695 42873 181987 166102 9211 57146 37782 136383 167319 98927 15288 100575 50716 11336 176795 36337 143168 87290 192069 47574 151104 64823 41599 74362 117379 43968 166115 173983 139649 30174 4027 75820 193227 52896 181162 183658 126067 64072 38157 66602 10548 46992 120658 39811 38280 45189 193092 125165 99265 61221 128692 148002 154272 155400 162073 123740 130702 139482 111419 50130 102707 27335 51496 72321 34336 169571 146159 80273 199890 23117 10762 22075 196919 106243 63484 7417 61967 139370 34545 21113 32720 83555 160470 110481 145772 52777 104272 31953 195529 100438 106231 177258 182646 83409 135621 146380 118483 60251 20000 86297 2881 135807 127365 11450 126551 67948 13644 92783 56960 104192 189823 125723 23947 191626 125011 71014 70027 99111 38744 125947 184355 171033 80127 193176 138839 195119 66709 176503 17287 100001 126898 22249 27601 47393 181742 115871 193497 17331 110115 71014 100240 167497 25370 132819 199268 55249 145573 82038 15614 11378 151074 14666 64540 67595 181575 143233 194385 186725 74115 188262 26737 47320
200
200000 200000 200000 200000 200000 200000 200000 200000 200000 200000 200000 200000 200000 200000 200000 200000 200000 200000 200000 200000 200000 200000 200000 200000 200000 200000 200000 200000 200000 200000 200000 200000 200000 200000 200000 200000 200000 200000 200000 200000 200000 200000 200000 200000 200000 200000 200000 200000 200000 200000 200000 200000 200000 200000 200000 200000 200000 200000 200000 200000 200000 200000 200000 200000 200000 200000 200000 200000 200000 200000 200000 200000 200000 200000 200000 200000 200000 200000 200000 200000 200000 200000 200000 200000 200000 200000 200000 200000 200000 200000 200000 200000 200000 200000 200000 200000 200000 200000 200000 200000 200000 200000 200000 200000 200000 200000 200000 200000 200000 200000 200000 200000 200000 200000 200000 200000 200000 200000 200000 200000 200000 200000 200000 200000 200000 200000 200000 200000 200000 200000 200000 200000 200000 200000 200000 200000 200000 200000 200000 200000 200000 200000 200000 200000 200000 200000 200000 200000 200000 200000 200000 200000 200000 200000 200000 200000 200000 200000 200000 200000 200000 200000 200000 200000 200000 200000 200000 200000 200000 200000 200000 200000 200000 200000 200000 200000 200000 200000 200000 200000 200000 200000 200000 200000 200000 200000 200000 200000 200000 200000 200000 200000 200000 200000 200000 200000 200000 200000 200000 200000
200
0 0 0 0 0 0 0 0 0 0 0 0 0 0 0 0 0 0 0 0 0 0 0 0 0 0 0 0 0 0 0 0 0 0 0 0 0 0 0 0 0 0 0 0 0 0 0 0 0 0 0 0 0 0 0 0 0 0 0 0 0 0 0 0 0 0 0 0 0 0 0 0 0 0 0 0 0 0 0 0 0 0 0 0 0 0 0 0 0 0 0 0 0 0 0 0 0 0 0 0 103901 118429 49931 138213 116339 129199 68986 61778 3419 44682 31495 27511 86835 161825 132907 136104 101030 103619 55341 185969 135602 151820 93137 160114 166728 66753 63444 77606 147910 140601 93603 2328 42356 47730 100611 123238 97368 10110 34552 174643 21773 179391 171396 145099 7801 38749 22065 95520 128865 118072 107874 9190 38242 192602 84373 40629 188818 48388 155120 19345 41891 197822 94929 44449 53453 69064 140689 158733 157754 33324 105417 124509 157742 3688 197331 193363 66734 93588 189795 60888 80519 160428 162242 76964 126801 27758 173358 142083 25224 183803 171843 49826 111868 109112 123751 12011 75028 113210 115559 35636
200
78444 124864 78293 173057 187222 170276 150136 37462 34771 101007 123570 93806 15338 152311 120418 178661 43855 189562 58373 154239 195198 82223 47995 8039 120148 17494 111189 170 110347 129404 51972 143042 106095 37075 105966 170750 187288 96668 125261 9207 47411 141265 39837 138764 140125 65605 54405 148050 6079 193791 152695 151354 61232 168356 23624 144699 30945 110648 76246 4981 128331 154110 11811 31831 25911 195388 21118 14166 194992 130185 17758 96945 198645 136466 182278 123664 57057 61631 69867 29618 19791 13832 168898 92393 3566 94848 125230 85704 182513 40319 67268 113716 192487 52133 114503 96352 176473 60621 99576 76932 46105 128496 106544 104019 150387 60025 173016 79565 186302 155004 76586 112453 51761 93701 157299 131623 194132 3723 191365 117778 28192 32197 12442 105648 41502 174562 187307 178541 106797 191847 95488 8618 20740 163342 18742 174932 117379 5465 92618 2044 124910 48264 10587 175539 27638 147624 37904 49650 100731 38305 55158 113169 127186 146347 26307 61780 158188 37636 41322 185795 79102 161900 21608 40187 171034 65427 40751 186257 91458 4707 73133 194411 349 150045 153049 49003 155710 198304 171903 65165 13381 142818 124221 47401 115738 87251 109634 64513 119406 96383 186272 154345 124876 72348 57481 121230 194388 148751 199168 145833
200
14490 49896 45864 16758 12348 49518 9450 33012 31248 21672 8568 25326 56322 12880 44352 40768 14896 10976 44016 8400 29344 27776 19264 7616 22512 50064 28635 98604 90636 33117 24402 97857 18675 65238 61752 42828 16932 50049 111303 7475 25740 23660 8645 6370 25545 4875 17030 16120 11180 4420 13065 29055 920 3168 2912 1064 784 3144 600 2096 1984 1376 544 1608 3576 4830 16632 15288 5586 4116 16506 3150 11004 10416 7224 2856 8442 18774 345 1188 1092 399 294 1179 225 786 744 516 204 603 1341 31855 109692 100828 36841 27146 108861 20775 72574 68696 47644 18836 55677 123819 31050 106920 98280 35910 26460 106110 20250 70740 66960 46440 18360 54270 120690 49795 171468 157612 57589 42434 170169 32475 113446 107384 74476 29444 87033 193551 805 2772 2548 931 686 2751 525 1834 1736 1204 476 1407 3129 230 792 728 266 196 786 150 524 496 344 136 402 894 29670 102168 93912 34314 25284 101394 19350 67596 63984 44376 17544 51858 115326 126 112 249 65 8 42 3 277 270 433 7 2 258 115 396 364 133 98 393 75 262 248 172 68 201 447 6831 63595 123375 61770 24587
200
99280 80884 69204 58108 59568 97820 58108 8760 122932 110500 90025 77025 64675 66300 108875 64675 9750 136825 61880 50414 43134 36218 37128 60970 36218 5460 76622 41480 33794 28914 24278 24888 40870 24278 3660 51362 31960 26038 22278 18706 19176 31490 18706 2820 39574 32980 26869 22989 19303 19788 32495 19303 2910 40837 40460 32963 28203 23681 24276 39865 23681 3570 50099 128180 104429 89349 75023 76908 126295 75023 11310 158717 38420 31301 26781 22487 23052 37855 22487 3390 47573 292 325 182 122 94 97 119 377 113 340 277 237 199 204 335 199 30 421 37115 31743 115104 1292 164613 180382 38912 64101 48812 112430 9631 64546 169231 72223 180516 27810 81332 106233 80724 146264 144688 114862 75330 160119 193908 170387 191227 137928 190568 52317 51325 177963 123042 143415 13660 73714 130167 140945 19410 86473 106787 185525 41469 24404 173148 40458 132055 70328 100127 146309 127542 5590 4848 100773 140128 8893 113865 68929 111540 56531 179842 46369 50740 157379 129489 10495 92038 80292 115228 65841 2463 61539 50785 72397 116309 32456 196914 124305 55383 97063 115794 96468 139123 158890 137753 30475 31709 74025 116782 196140 126906 170180 71335 25736 3656 108313 127746 123750 192194 110858 44262
200
17137 31469 89177 5164 107993 45437 52024 192886 182708 170515 14942 49783 81733 190733 110062 198111 19429 18415 93009 160024 14490 56300 148067 157477 133573 117094 133831 27382 43195 166450 40554 115165 54229 178738 171637 65631 164228 181302 136597 40688 27468 67031 17438 82901 85445 19674 27137 198745 74384 12283 32466 25050 144484 25219 193925 63960 119916 125954 52516 132567 149909 58848 161623 173934 121672 104358 38479 69100 146944 80848 121333 178260 26494 11375 77292 12023 45683 71952 85035 168557 166591 170690 179477 49642 77172 142200 124641 174326 28879 135378 94279 164802 173034 177982 47353 134004 33702 29662 112178 153637 121196 191119 114839 126519 109381 66837 138740 16812 22592 65960 155319 61828 96104 82883 198575 56550 157002 76988 133856 18384 67762 64659 155896 112173 194119 128579 160601 13867 24924 3645 135100 181042 25354 147370 86974 10597 48218 39241 165729 140018 68178 119621 114713 45825 178112 195309 149365 94450 124971 74252 181755 108035 183048 75253 40887 67598 65400 168407 29326 62349 13490 23203 16093 2391 52344 148389 37458 143553 71451 78182 157441 59787 6190 119536 36060 75349 19134 88320 75442 149001 189847 109039 68127 97588 43013 142163 148072 97541 18984 87102 147729 4390 100019 152412 178381 68269 40347 2756 82480 10930
200
4896 13152 15360 7440 1632 7920 11952 96 20736 42024 112888 131840 63860 14008 67980 102588 824 177984 10200 27400 32000 15500 3400 16500 24900 200 43200 30702 82474 96320 46655 10234 49665 74949 602 130032 28560 76720 89600 43400 9520 46200 69720 560 120960 36108 96996 113280 54870 12036 58410 88146 708 152928 1326 3562 4160 2015 442 2145 3237 26 5616 28458 76446 89280 43245 9486 46035 69471 558 120528 25398 68226 79680 38595 8466 41085 62001 498 107568 48 412 100 301 280 354 13 279 249 102 274 320 155 34 165 249 2 432 49895 133076 123080 100791 132758 156118 39488 108046 31659 85320 59461 6317 87271 166671 74941 93053 72289 44675 126549 27071 98419 82326 26912 128039 67987 43333 33008 47448 78951 142992 96525 84571 49468 79910 34665 64717 51105 107096 145038 67749 153350 190651 10138 14794 144285 28317 72668 114206 108720 12316 31960 55204 191949 129128 79057 1692 168718 21751 153330 93076 149516 141298 82096 189423 38436 69748 166663 74837 73024 156034 14443 174518 2671 77812 38523 84989 17533 39265 65652 196433 3464 135479 137807 21387 121471 129995 4376 125669 43124 155464 82979 68213 34730 22004 166084 115072 88685 21593 118392 60240 89858
