30
6
5 2 4 6 3 1
6
2 4 8 16 32 64
3
1 1 1
3
200000 200000 200000
200
142114 26270 54547 41935 929 79702 109082 191422 158893 179409 4740 60575 96639 167207 90888 62071 171205 72257 164734 19030 7990 18009 36694 116150 144460 40885 142770 54950 43022 66553 157735 73912 199549 181155 148971 118718 166643 82575 157452 101713 177358 68993 192078 102354 23805 115963 78059 46452 196852 98975 102539 153160 138655 70203 167650 69779 170965 199285 174511 18823 1751 15636 7242 98836 1323 9571 108727 34097 72224 4106 31701 179341 137682 62599 93872 35890 127544 174121 17579 133337 194656 32439 93136 134751 60278 51558 141206 81456 74095 145473 178589 145494 1643 163091 110311 112829 58222 7 162499 60623 40013 85885 118680 1369 4615 108621 28112 17553 196194 73428 28328 107185 40704 34049 97985 193656 43573 120948 120624 60922 52493 149602 77135 193491 158422 199271 181258 25432 175919 135821 56699 187623 45094 48086 37387 59488 178040 128552 70231 66533 108300 96143 24555 51233 170776 2411 44851 137096 64552 81333 79175 54996 56803 22211 159479 85992 155054 136912 115240 179923 72951 197924 87991 170775 9419 85122 453 188568 9453 185135 83166 125161 127469 197148 88947 189392 139875 120416 136306 198832 121129 148842 96912 99155 175732 77252 302 29078 159841 90893 58021 57892 137457 1859 198903 56535 14157 188363 7008 121261
200
12831 28028 2730 40404 36673 14742 26936 16289 31668 2730 2275 27755 11284 42723 93324 9090 134532 122109 49086 89688 54237 105444 9090 7575 92415 37572 55554 121352 11820 174936 158782 63828 116624 70526 137112 11820 9850 120170 48856 56964 124432 12120 179376 162812 65448 119584 72316 140592 12120 10100 123220 50096 62604 136752 13320 197136 178932 71928 131424 79476 154512 13320 11100 135420 55056 37083 81004 7890 116772 105989 42606 77848 47077 91524 7890 6575 80215 32612 37788 82544 8040 118992 108004 43416 79328 47972 93264 8040 6700 81740 33232 28341 61908 6030 89244 81003 32562 59496 35979 69948 6030 5025 61305 24924 52311 114268 11130 164724 149513 60102 109816 66409 129108 11130 9275 113155 46004 52734 115192 11220 166056 150722 60588 110704 66946 130152 11220 9350 114070 46376 846 1848 180 2664 2418 972 1776 1074 2088 180 150 1830 744 282 616 60 888 806 324 592 358 696 60 50 610 248 43287 94556 9210 136308 123721 49734 90872 54953 106836 9210 7675 93635 38068 91 303 394 404 444 263 268 201 371 374 6 2 307 141 308 30 444 403 162 296 179 348 30 25 305 124 97720 159395 120838 131074 52454
200
115868 89308 120184 36852 107568 59428 128484 41500 101924 95284 129130 99530 133940 41070 119880 66230 143190 46250 113590 106190 68055 52455 70590 21645 63180 34905 75465 24375 59865 55965 45021 34701 46698 14319 41796 23091 49923 16125 39603 37023 92485 71285 95930 29415 85860 47435 102555 33125 81355 76055 96673 74513 100274 30747 89748 49583 107199 34625 85039 79499 113774 87694 118012 36186 105624 58354 126162 40750 100082 93562 20591 15871 21358 6549 19116 10561 22833 7375 18113 16933 84109 64829 87242 26751 78084 43139 93267 30125 73987 69167 141345 108945 146610 44955 131220 72495 156735 50625 124335 116235 332 370 195 129 265 277 326 59 241 405 349 269 362 111 324 179 387 125 307 287 48800 63203 86124 76125 30221 37364 50767 126986 17379 33875 147904 62813 132395 105866 94610 127797 137558 30239 103043 130933 193169 159429 20233 128280 128674 80539 42233 170850 103276 139327 11209 24768 169656 103570 23199 54483 194282 182606 33631 196759 123110 182131 9682 92107 66647 99308 78125 199050 146371 18539 8089 170880 36985 69653 26113 145496 159208 130269 131475 68211 175953 195967 198870 94887 135551 129829 75135 126894 126600 101451 58259 130027 36127 18442 115378 45863 153969 104706 149399 73997
200
50310 44343 11700 1989 27378 12870 32058 175440 154632 40800 6936 95472 44880 111792 166840 147052 38800 6596 90792 42680 106312 186190 164107 43300 7361 101322 47630 118642 66220 58366 15400 2618 36036 16940 42196 113520 100056 26400 4488 61776 29040 72336 63640 56092 14800 2516 34632 16280 40552 117 408 388 433 154 264 148 430 379 100 17 234 110 274 178327 22095 127583 135828 27169 169335 80063 78569 19311 151473 74127 28708 182272 35991 60074 47680 33483 148276 106886 162958 199818 177309 199995 131545 29723 43411 38827 19348 103171 56457 111539 120425 58950 172200 115579 9722 68597 57816 49418 120946 58711 53911 194333 137648 17980 5244 121819 192126 46635 146659 81733 192923 101135 57299 69017 126924 75814 85402 94160 199025 195031 148578 68343 182590 9123 159308 108154 130576 122842 9784 107361 14365 80151 183698 36957 66183 184228 69860 29870 189825 134281 39051 57487 176834 154158 182602 17113 23243 138982 174438 35214 18441 162348 195232 11955 195399 174441 93326 57788 73411 31037 7099 23949 24231 161787 109715 166911 40741 18608 75180 109813 7526 26852 16796 70148 195443 15932 103716 94459 97289 87301 562 20047 175461 185474 185946 987 136434 168204 28878 99269 154312 130733 58294 8330 171904 155530
200
17052 37632 57428 46256 42336 80948 3136 22707 50112 76473 61596 56376 107793 4176 7221 15936 24319 19588 17928 34279 1328 31929 70464 107531 86612 79272 151571 5872 8787 19392 29593 23836 21816 41713 1616 21663 47808 72957 58764 53784 102837 3984 20445 45120 68855 55460 50760 97055 3760 196 261 83 367 101 249 235 87 192 293 236 216 413 16 117306 90273 63738 39721 164537 84745 29342 153762 80975 69125 10555 11280 81528 88431 164620 64329 48324 13819 122421 114782 190848 196151 56235 183935 107290 19658 21799 177754 114355 85318 139753 38262 19017 42515 162195 179572 57456 11810 45978 138062 35783 82094 57036 25410 13485 69574 5087 120393 91299 20702 4287 198819 180419 151522 110288 186250 92223 146781 164460 127266 122141 168153 71626 45579 37960 45827 72831 42965 187157 100426 123651 22152 1883 93909 48808 4107 31009 61923 17418 171468 26716 162802 28158 57987 156224 44909 43152 98930 72263 186011 79302 55990 70964 41502 182101 48371 169562 165643 157680 142242 128970 52084 53723 20892 182275 192655 157089 133213 75159 43951 128884 21103 170663 149165 65822 60516 146427 174858 102989 137644 19047 37314 167545 18009 24829 46517 113730 138851 119926 27462 116364 80100 9754 79506 181356 160463 97769
200
48891 39990 9288 33798 41280 2064 17157 38442 152737 124930 29016 105586 128960 6448 53599 120094 142883 116870 27144 98774 120640 6032 50141 112346 168276 137640 31968 116328 142080 7104 59052 132312 108394 88660 20592 74932 91520 4576 38038 85228 60640 49600 11520 41920 51200 2560 21280 47680 65567 53630 12456 45326 55360 2768 23009 51554 83001 67890 15768 57378 70080 3504 29127 65262 129 403 377 444 286 160 173 219 379 310 72 262 320 16 133 298 11894 42407 119947 173364 21804 66183 52032 159874 194592 52276 26561 197290 5926 98996 170061 119529 189780 23049 98824 108074 171536 149222 23502 104198 147068 181398 186127 54365 24070 101497 120579 130893 40483 39247 135694 108511 141686 161125 199087 154362 45409 155593 38989 32405 196905 17728 39775 37964 175224 142672 25462 134123 14767 170545 119875 29242 78004 95199 76757 146157 10294 66493 31046 160415 102316 138644 167795 98316 105255 148127 107996 104264 194050 35897 162096 38063 131537 101451 59062 127815 188418 145567 117084 94766 107913 97968 166218 49985 165159 153365 58205 115697 111865 123102 56817 24934 97893 45512 194266 181440 58023 78540 139135 15787 17731 38793 127322 35801 25129 69130 44436 104802 157407 121688 137962 173021 2603 177076 93605 119869
200
0 0 0 0 0 0 0 0 0 0 0 0 0 0 0 0 0 0 0 0 0 0 0 0 0 0 0 0 0 0 0 0 0 0 0 0 0 0 0 0 0 0 0 0 0 0 0 0 0 0 0 0 0 0 0 0 0 0 0 0 0 0 0 0 0 0 0 0 0 0 0 0 0 0 0 0 0 0 0 0 0 0 0 0 0 0 0 0 0 0 0 0 0 0 0 0 0 0 0 0 75947 74503 53060 167785 166665 51775 57429 65449 99680 107673 21896 174129 120597 17015 147694 26993 37844 46061 41255 82451 3529 80082 2936 129194 19855 86582 141753 75345 74371 4815 190642 8388 70555 84954 148148 132366 95275 97117 112333 112772 48615 167532 179521 186509 111263 20401 138832 19769 39989 168415 82379 83702 53397 15607 165962 178442 191998 36124 11432 127125 50143 19460 10140 177572 84838 34171 43725 137545 146640 140129 199959 103721 120743 157340 43945 94562 13877 28358 47919 139077 64124 128635 190910 177046 157099 4825 142967 57929 16189 42177 164604 5855 105693 31280 76489 80150 176823 173604 123314 198300
200
45908 17033 53934 135574 163105 119696 93878 84617 117694 172216 84305 198516 95022 170406 44414 153097 58357 198100 133137 162932 100777 24550 67937 193287 146990 162256 156247 191179 63263 50801 72313 159005 127124 72860 165607 109488 76317 93865 81780 105540 142473 172514 156564 29332 48217 149395 67282 192556 71812 118702 62348 341 5068 8465 154297 157689 192083 424 168196 80440 147246 105645 123350 78221 100633 108881 88697 86308 74071 30229 133852 20262 94960 16472 164149 89361 185225 52831 49609 133059 146071 174210 91248 112948 115441 45551 65081 181166 63351 170838 163070 8251 104405 144471 81574 178570 167476 20606 163263 63611 124568 140938 37353 80854 63349 83332 14030 44225 89171 92736 158733 183423 151111 64412 166255 102225 182707 113579 159722 26744 13674 131428 63063 1011 28404 132363 60200 97097 118905 105166 143336 50191 75751 155950 36339 40821 150924 26633 98121 123087 175451 163771 100038 168732 74024 64326 99678 45988 164476 46061 127127 112699 9048 158588 112574 175180 192638 187658 119551 162150 118918 169253 141097 75262 147061 103567 49285 133433 191516 65467 72993 160574 193177 141507 170164 187919 48386 134835 81468 160316 164378 53087 171916 129540 6654 44703 123530 95991 162999 51336 87299 135228 52095 120578 127201 81810 41767 151525 112187 23167
200
174192 99020 190361 178190 107245 188099 105990 69527 33801 96169 112565 188006 23359 128097 166856 92614 166785 131628 20895 93043 181693 69873 54474 51019 179917 35702 94700 27749 108274 159217 73011 177993 174199 22718 109595 1362 92690 165479 107614 115447 175434 97723 195677 156756 37374 36833 30670 198881 65355 69275 150823 14353 94216 110690 65862 52427 162915 97234 190420 21332 166676 69355 34895 2957 19743 7027 170079 103441 68789 146389 101070 176689 66131 52176 174814 110316 28066 143052 122234 115923 121637 83083 53748 19036 159418 141176 172083 4750 6847 195346 153393 182404 170203 171315 106984 158009 115517 93787 71687 110510 181609 124274 148844 172413 44494 4611 182929 103908 164042 126778 137462 53898 62462 20222 87288 178254 185221 23535 35969 163980 85316 196924 151721 27360 26989 10256 73966 37727 184306 91149 144499 56335 145575 90521 142034 72988 7126 104845 17955 45306 57815 98570 120035 65142 160647 91726 110564 84438 160637 49406 5795 39633 60779 199769 108633 74916 27160 63528 78697 114298 157005 29064 99429 87536 186366 186890 59538 19501 48725 47154 162788 85487 39864 27149 28137 179985 135820 36238 50480 159426 108248 179784 99633 187777 66018 82558 58675 31840 26148 138447 93178 173771 16393 190332 169117 138403 163462 2421 194177 198699
200
80316 16296 6984 91956 113199 54417 63729 84972 26772 54708 49761 50343 107640 21840 9360 123240 151710 72930 85410 113880 35880 73320 66690 67470 101016 20496 8784 115656 142374 68442 80154 106872 33672 68808 62586 63318 37260 7560 3240 42660 52515 25245 29565 39420 12420 25380 23085 23355 78384 15904 6816 89744 110476 53108 62196 82928 26128 53392 48564 49132 20700 4200 1800 23700 29175 14025 16425 21900 6900 14100 12825 12975 27324 5544 2376 31284 38511 18513 21681 28908 9108 18612 16929 17127 49956 10136 4344 57196 70409 33847 39639 52852 16652 34028 30951 31313 44988 9128 3912 51508 63407 30481 35697 47596 14996 30644 27873 28199 108744 22064 9456 124504 153266 73678 86286 115048 36248 74072 67374 68162 62376 12656 5424 71416 87914 42262 49494 65992 20792 42488 38646 39098 27876 5656 2424 31916 39289 18887 22119 29492 9292 18988 17271 17473 291 390 366 135 284 75 99 181 163 394 226 101 276 56 24 316 389 187 219 292 92 188 171 173 193345 177899 112549 53253 166256 13657 113864 179852 69662 153880 108313 148830 114996 101624 47067 181201 189795 124438 55562 151776 188804 11491 8167 151571 156166 52880 64528 42907 14447 36338 50567 16150
200
1264 1548 980 1128 1616 1240 108 44 99224 121518 76930 88548 126856 97340 8478 3454 33812 41409 26215 30174 43228 33170 2889 1177 44240 54180 34300 39480 56560 43400 3780 1540 35076 42957 27195 31302 44844 34410 2997 1221 2212 2709 1715 1974 2828 2170 189 77 140304 171828 108780 125208 179376 137640 11988 4884 124820 152865 96775 111390 159580 122450 10665 4345 4 314 107 140 111 7 444 395 316 387 245 282 404 310 27 11 122056 71641 50382 148376 60464 28113 60942 11273 31944 116049 35356 6265 66217 48082 70077 70442 163961 186957 116514 142412 19293 117785 177740 94183 57467 181834 93012 73368 118647 105796 114454 130482 124845 173891 191804 8379 173482 138469 85552 166645 121735 168907 193890 131047 111794 177547 30890 135104 65085 50159 168937 40808 7086 51048 153349 198733 176489 164756 127070 130220 55520 27317 168658 61996 97102 80125 133714 88269 148429 17550 102359 168441 173818 164281 34715 158641 124377 40941 54503 20626 52077 8482 37915 47062 3915 148068 190265 15498 32818 13899 135919 196563 31299 47750 125763 72747 77626 14327 150655 114939 35875 63556 54492 127892 23229 118310 22131 10457 81067 17216 131665 132317 171113 197450 83630 110 101667 134065 786 109710
200
1 1 1 1 1 1 1 1 1 1 1 1 1 1 1 1 1 1 1 1 1 1 1 1 1 1 1 1 1 1 1 1 1 1 1 1 1 1 1 1 1 1 1 1 1 1 1 1 1 1 1 1 1 1 1 1 1 1 1 1 1 1 1 1 1 1 1 1 1 1 1 1 1 1 1 1 1 1 1 1 1 1 1 1 1 1 1 1 1 1 1 1 1 1 1 1 1 1 1 1 1 1 1 1 1 1 1 1 1 1 1 1 1 1 1 1 1 1 1 1 1 1 1 1 1 1 1 1 1 1 1 1 1 1 1 1 1 1 1 1 1 1 1 1 1 1 1 1 1 1 1 1 1 1 1 1 1 1 1 1 1 1 1 1 1 1 1 1 1 1 1 1 1 1 1 1 1 1 1 1 1 1 1 1 1 1 1 1 1 1 1 1 1 1 1 1 1 1 1 1
200
122257 151653 66814 14113 151138 38350 137485 196341 178 100326 35326 48415 61456 81594 52905 164431 19175 183644 168694 136495 185635 171392 187307 38118 15084 185750 198315 93623 139483 163263 99568 58422 8561 26219 70584 1122 106365 77176 33375 158007 28709 75900 5467 153708 148019 85518 137516 151875 17413 7699 153843 59374 64145 25044 125993 103716 130378 35992 102832 161479 174194 138389 45384 81078 6917 97123 58195 109071 92959 978 79913 117328 98536 97087 123925 102411 70981 145754 176001 10022 14558 70729 176979 104450 3195 193783 197408 31472 193911 22762 23701 7232 57508 110932 2168 112409 43143 106579 197529 154854 86447 127977 105800 4954 41202 46800 73369 171777 39561 20040 151830 147374 123851 50983 45767 25239 71547 171720 176945 171304 31421 80518 156259 36860 170620 61747 178625 88014 4093 100959 28820 153666 73367 131183 44128 35965 176768 134618 125906 184202 196830 196703 108607 191523 198309 7577 44702 135322 36172 29091 193932 157823 72994 150911 51249 136595 107667 49987 94839 88976 119947 131341 46734 20631 2967 183119 193193 21367 57650 193927 169316 146633 11118 72227 63265 4047 15358 107176 128772 170592 181880 112153 69248 87633 168431 101531 182379 56873 61065 56535 2607 180418 154443 12918 31414 55475 17586 44954 18233 41177
200
1 0 1 1 1 0 1 1 0 1 1 0 1 0 1 0 0 0 0 1 1 1 0 1 1 0 1 1 1 0 1 0 1 1 0 0 0 1 0 1 1 0 1 0 1 0 1 0 0 1 1 0 0 1 1 1 0 1 1 0 1 1 1 0 0 0 0 0 0 0 0 0 0 0 0 0 0 1 1 1 0 1 0 0 1 1 1 1 1 1 1 1 1 0 0 1 1 1 1 1 1 1 0 1 0 0 0 1 0 1 0 1 0 0 0 0 1 0 1 0 1 0 0 1 1 1 1 1 1 0 1 1 0 1 1 0 0 1 1 0 1 1 1 1 1 1 0 1 1 1 1 1 1 1 1 1 1 0 0 0 1 0 1 0 0 0 1 1 0 0 0 0 1 0 1 0 1 0 0 0 1 1 1 0 1 0 1 0 0 1 1 0 1 1 1 1 0 0 1 0
200
187827 120655 87336 32984 195491 22420 65830 11479 88851 36782 6988 196217 3386 83358 197260 41186 119245 116320 42104 15835 55928 89485 63776 167764 98786 111390 177209 198746 51808 141515 45010 95053 93977 38499 42448 195592 51474 166628 111977 75507 130924 50194 138063 150987 89476 40018 54315 153098 87 162242 125506 18648 121001 196845 187103 82153 126178 20713 132970 171006 153899 21903 76535 87260 189169 75058 8483 5368 98772 129855 20451 28857 159168 113882 32026 129460 1323 114043 169388 71887 51648 179650 18259 60448 196341 190752 99055 100549 170540 99726 12072 119098 53111 31827 132166 48474 136866 103666 162029 30335 130053 149235 70358 85433 38072 55684 60984 130187 96869 179999 186848 73846 181240 135486 162076 195362 93277 196258 130756 155816 90659 128671 60918 255 130029 96557 36992 125495 139855 90635 62185 11032 94414 130419 151791 87967 48297 31775 149174 172881 28387 77720 19395 109117 53035 79054 88451 146825 16752 151859 102427 157295 115552 30722 40047 12136 37006 26751 148091 186355 171862 106809 75925 101683 115672 92383 27254 163876 64392 114157 11392 35267 174683 74102 74019 87013 137259 139319 45320 85457 150376 60804 148463 5866 100707 181655 73145 166264 86639 346 86773 48183 23499 160059 133893 45014 189176 71022 156093 105132
200
168305 44232 151862 141486 154594 97305 87962 100243 181267 113872 35855 29250 120189 121300 114744 154594 55609 51838 179965 160334 107329 199413 117490 123712 97552 52672 14975 123059 194767 30366 150526 46612 80585 57222 98864 159914 51199 187618 80613 144372 21332 57988 7818 26483 77046 17500 165558 101362 33225 162315 111819 132717 195020 157607 38187 197285 108789 29920 108858 184304 104071 102199 102803 125119 110227 157990 36864 169058 826 146274 155865 14640 147241 147224 105033 22701 11350 139765 98937 64403 161601 91001 174593 133469 118728 8026 55443 31486 82944 113672 140657 199777 135432 118079 135427 56950 96643 22354 176136 30338 45465 161140 48407 166892 854 174585 140638 92645 171471 183099 44608 157712 162562 61836 199214 194814 84358 170316 198089 85173 68677 166531 10187 159678 60851 6387 106830 101467 60568 140550 117525 137902 32152 173846 9108 179803 92710 152108 50569 76281 44675 110215 65057 151636 33900 63596 103832 98720 12496 71180 74068 184196 33390 8270 73593 111983 9850 60612 146930 151110 147861 174257 37771 122641 96822 171781 169130 109338 194383 193311 174416 30339 177265 171568 191528 67916 184711 62457 80646 52781 51797 180971 78005 102310 194359 24332 14751 42239 138597 5759 16315 101378 78244 47944 157566 149193 39935 155961 197566 110170
200
0 0 0 0 0 0 0 0 0 0 0 0 0 0 0 0 0 0 0 0 0 0 0 0 0 0 0 0 0 0 0 0 0 0 0 0 0 0 0 0 0 0 0 0 0 0 0 0 0 0 0 0 0 0 0 0 0 0 0 0 0 0 0 0 0 0 0 0 0 0 0 0 0 0 0 0 0 0 0 0 0 0 0 0 0 0 0 0 0 0 0 0 0 0 0 0 0 0 0 0 0 0 0 0 0 0 0 0 0 0 0 0 0 0 0 0 0 0 0 0 0 0 0 0 0 0 0 0 0 0 0 0 0 0 0 0 0 0 0 0 0 0 0 0 0 0 0 0 0 0 0 0 0 0 0 0 0 0 0 0 0 0 0 0 0 0 0 0 0 0 0 0 0 0 0 0 0 0 0 0 0 0 0 0 0 0 0 0 0 0 0 0 0 0 0 0 0 0 0 0
200
199555 166562 146553 115437 74258 110847 25650 178959 141664 130730 150842 55440 173443 102428 190871 124979 83626 71069 50358 73432 60980 142084 7822 65208 31236 137706 69233 117275 64576 73234 101698 25592 189847 163828 79018 20021 169235 82356 144107 112484 135565 183413 68109 74957 164386 169243 145227 108957 128583 178875 30850 171000 74796 86371 42557 170351 87087 118245 23900 147060 141068 21474 54005 82974 149240 158036 100940 178685 175825 195230 157797 129888 149271 185952 150643 1959 103104 169531 101895 192590 185468 96027 73518 26540 151318 77371 140882 64781 45961 104328 198627 146770 68915 32536 90765 3823 79074 193636 7363 62995 68719 46247 129678 73097 2271 108331 29564 185059 23378 195701 79760 197524 32190 88460 53268 135325 93865 75200 72568 18508 21604 22133 157334 90556 68246 137656 80009 132354 101775 174904 131719 64348 26914 50026 136311 168958 135920 77108 124738 30336 50029 132245 119458 168876 79414 90720 148348 44515 129644 15567 117337 123745 121595 32407 98363 132195 118158 89690 130841 178008 10025 68158 83981 195627 64495 170872 171475 41565 103365 118930 52867 87692 23573 145893 192754 39467 79597 162705 26036 181295 170647 84301 38064 102971 162969 50578 50516 43581 124605 107232 9763 156488 172329 61850 115996 115652 64807 182354 126088 187689
3
65537 65537 131073
200
1 1 0 1 0 1 1 0 1 0 1 1 1 0 1 1 0 0 1 1 0 1 1 0 1 0 1 1 1 1 0 1 1 0 0 1 0 0 1 1 0 0 0 1 0 0 0 1 1 1 0 1 0 0 0 0 1 0 0 1 1 1 1 0 1 0 1 0 0 1 1 0 1 1 0 1 1 1 0 1 0 1 0 1 0 1 0 1 1 1 0 1 0 0 0 0 1 1 1 0 0 1 1 1 1 1 0 0 1 0 1 0 1 0 0 0 0 1 0 1 0 0 0 1 0 1 0 0 0 0 0 1 1 1 1 0 0 0 1 1 1 0 0 0 1 1 0 1 0 1 0 1 0 0 1 1 0 1 0 0 0 0 1 0 0 1 0 1 1 1 1 0 0 1 0 1 0 0 0 0 1 0 1 1 1 0 0 0 0 1 1 0 0 1 1 1 0 0 1 0
200
0 0 0 0 0 0 0 0 0 0 0 0 0 0 0 0 0 0 0 0 0 0 0 0 0 0 0 0 0 0 0 0 0 0 0 0 0 0 0 0 0 0 0 0 0 0 0 0 0 0 0 0 0 0 0 0 0 0 0 0 0 0 0 0 0 0 0 0 0 0 0 0 0 0 0 0 0 0 0 0 0 0 0 0 0 0 0 0 0 0 0 0 0 0 0 0 0 0 0 0 4753 26566 195490 103726 33162 168326 76435 195283 105309 162292 54516 68970 33426 126765 142237 135889 33983 28971 122345 37408 114528 3218 102129 101936 8107 94077 168854 164102 51388 75837 20915 137593 167874 83988 18495 154596 164148 29495 90126 136367 78548 170966 6071 133178 80717 151460 101989 20417 3215 68055 72302 56393 30121 57912 182158 23524 98614 198405 98292 148719 124756 45296 26620 19230 140040 121775 106680 37180 145840 189337 186717 47788 183909 99258 143491 71826 194682 16770 94667 29050 96223 38800 142825 93542 17495 107595 144652 46554 48679 24767 70863 27697 37509 196095 77248 147333 30126 173266 174321 101757
200
65537 65537 65537 131073 131073 65537 131073 65537 131073 65537 65537 65537 131073 131073 65537 65537 131073 131073 65537 131073 131073 131073 65537 65537 65537 131073 131073 65537 65537 65537 65537 131073 131073 131073 65537 65537 65537 131073 65537 131073 65537 65537 131073 131073 131073 65537 131073 65537 65537 65537 65537 131073 131073 65537 65537 131073 131073 131073 131073 131073 65537 65537 131073 65537 65537 131073 131073 65537 131073 65537 131073 131073 131073 131073 131073 131073 65537 65537 131073 131073 131073 131073 65537 65537 65537 65537 65537 131073 65537 65537 131073 131073 131073 65537 131073 131073 65537 65537 65537 131073 131073 65537 131073 65537 131073 131073 131073 65537 65537 65537 65537 131073 131073 65537 131073 131073 65537 131073 65537 65537 131073 131073 131073 65537 65537 131073 131073 131073 131073 131073 65537 65537 131073 65537 65537 65537 131073 65537 65537 131073 65537 65537 65537 131073 65537 65537 131073 131073 131073 65537 65537 65537 65537 65537 65537 65537 131073 65537 65537 131073 65537 65537 65537 65537 131073 65537 65537 65537 131073 131073 65537 65537 131073 131073 131073 131073 131073 131073 65537 65537 131073 65537 65537 131073 131073 65537 131073 131073 131073 131073 65537 65537 65537 131073 65537 131073 65537 131073 65537 65537
200
33792 73344 64128 35712 50112 33408 85056 10368 70464 52224 23808 31872 71808 155856 136272 75888 106488 70992 180744 22032 149736 110976 50592 67728 75504 163878 143286 79794 111969 74646 190047 23166 157443 116688 53196 71214 69168 150126 131262 73098 102573 68382 174099 21222 144231 106896 48732 65238 33792 73344 64128 35712 50112 33408 85056 10368 70464 52224 23808 31872 35728 77546 67802 37758 52983 35322 89929 10962 74501 55216 25172 33698 20944 45458 39746 22134 31059 20706 52717 6426 43673 32368 14756 19754 65648 142486 124582 69378 97353 64902 165239 20142 136891 101456 46252 61918 14432 31324 27388 15252 21402 14268 36326 4428 30094 22304 10168 13612 69168 150126 131262 73098 102573 68382 174099 21222 144231 106896 48732 65238 42240 91680 80160 44640 62640 41760 106320 12960 88080 65280 29760 39840 19888 43166 37742 21018 29493 19662 50059 6102 41471 30736 14012 18758 192 408 429 393 192 203 119 373 82 393 240 113 176 382 334 186 261 174 443 54 367 272 124 166 66124 68680 5927 156010 130574 146534 89048 47355 37726 135259 195763 149593 18522 62495 31013 83765 93558 70000 190754 64655 61533 103011 16988 136031 13718 56233 40984 110644 117099 12251 3756 172227
200
200000 200000 200000 200000 200000 200000 200000 200000 200000 200000 200000 200000 200000 200000 200000 200000 200000 200000 200000 200000 200000 200000 200000 200000 200000 200000 200000 200000 200000 200000 200000 200000 200000 200000 200000 200000 200000 200000 200000 200000 200000 200000 200000 200000 200000 200000 200000 200000 200000 200000 200000 200000 200000 200000 200000 200000 200000 200000 200000 200000 200000 200000 200000 200000 200000 200000 200000 200000 200000 200000 200000 200000 200000 200000 200000 200000 200000 200000 200000 200000 200000 200000 200000 200000 200000 200000 200000 200000 200000 200000 200000 200000 200000 200000 200000 200000 200000 200000 200000 200000 200000 200000 200000 200000 200000 200000 200000 200000 200000 200000 200000 200000 200000 200000 200000 200000 200000 200000 200000 200000 200000 200000 200000 200000 200000 200000 200000 200000 200000 200000 200000 200000 200000 200000 200000 200000 200000 200000 200000 200000 200000 200000 200000 200000 200000 200000 200000 200000 200000 200000 200000 200000 200000 200000 200000 200000 200000 200000 200000 200000 200000 200000 200000 200000 200000 200000 200000 200000 200000 200000 200000 200000 200000 200000 200000 200000 200000 200000 200000 200000 200000 200000 200000 200000 200000 200000 200000 200000 200000 200000 200000 200000 200000 200000 200000 200000 200000 200000 200000 200000
200
154539 25008 55777 152195 172594 99691 60611 111851 102280 9628 83235 103351 8235 137514 14341 72776 100209 16338 79881 163168 138511 86129 77055 111496 80364 176649 17714 164092 112771 51691 3734 12775 186254 95139 79471 190371 122615 2613 161647 77649 174250 54791 150554 130983 94933 38822 74519 47907 149918 66040 35079 169826 28242 8785 86676 95714 55238 143372 138973 123779 85177 109512 118040 135421 60415 19696 19299 31763 33659 91761 15956 32571 41553 24183 43355 123171 180851 36433 89065 9984 25499 93667 77589 80298 181427 77495 50096 103393 192621 134405 128727 50954 166800 192210 11778 16853 69321 102334 192749 65951 34238 186475 154674 35631 72200 70887 155220 58358 72526 59374 80690 80973 152676 147822 37224 128088 98428 159771 24640 102973 133284 84023 3303 54605 183532 106362 25238 196831 159492 132525 58617 31945 87042 144346 183090 9621 164201 145576 168104 294 127792 39663 131850 147121 168637 141985 191359 106146 164528 102761 142431 187228 15402 19505 163190 92745 86286 188326 165069 179600 135487 91561 46492 65201 108835 5880 117950 104593 19261 52625 185262 69233 177250 139048 32491 82396 141813 132377 96936 44991 46222 179359 124631 48159 163972 91677 50754 171622 142744 16282 135347 25922 155736 188749 44885 161701 156537 187428 154517 188588
200
81620 135172 97973 141827 130818 139618 51279 66633 51110 55302 71068 193494 142176 117972 198314 33087 93700 105932 113919 144160 114754 179501 92807 123153 161730 44288 107539 82987 181608 197751 168417 150288 98269 123205 193261 28563 100959 5058 2525 60303 142682 17228 136097 40175 95376 126748 185915 111393 24674 88174 157423 70363 178165 22235 60143 117631 107834 33425 56890 74468 134693 185300 124270 185088 155329 165278 130941 142717 67913 103730 37951 62883 179629 1037 97999 117214 116163 147644 132082 36792 152280 194334 143059 133534 22586 141511 29961 18800 43488 153609 24025 143827 62093 76847 153120 121499 199177 57765 138565 163942 161491 192088 173029 58679 154534 131359 7037 23621 56432 184324 172907 125163 198614 74247 23896 63534 36540 49174 39476 38073 115229 32496 108958 64152 126232 97259 55685 190545 25413 962 198997 115480 114073 87904 58075 4084 145887 146314 87953 75857 57129 109763 44094 183322 36017 136082 61018 62147 37992 31125 185735 182079 188180 129997 151453 189713 170066 84981 30214 160185 8881 26836 37278 125468 101537 33650 142006 182744 10588 48527 3247 140726 182837 125713 163465 154857 53257 177665 192025 159813 20603 194614 24476 130895 109805 123531 128096 95745 27330 93184 49966 1106 97587 32359 102335 108198 112434 25893 62629 76347
