30
6
5 2 4 6 3 1
6
2 4 8 16 32 64
3
1 1 1
3
200000 200000 200000
200
90723 197528 10676 135874 107180 88963 157958 181625 59044 164820 98814 115226 70375 154755 175748 148730 6731 72264 28104 127441 41546 98039 178599 81109 26011 161157 97282 135624 153347 28903 8502 196687 88845 135916 20119 188202 135347 119136 57502 128652 87456 72576 148346 175752 132463 148296 12980 188759 41276 197781 164976 137629 15596 86569 15414 147034 18992 104677 131809 168201 180617 23855 109311 88618 198998 136514 89904 85452 180881 36273 159647 56044 160845 94741 90269 121596 174561 47943 103600 160599 89096 171410 113648 52856 112490 128350 64973 74858 104238 170786 112906 150662 143002 75829 39203 65796 28437 194698 182250 15187 132305 112824 147365 125132 13716 128264 15946 192403 99649 119736 86997 12604 162320 16970 104119 74765 45920 193572 11495 110571 104407 150838 61645 195269 101385 97596 33377 90836 164782 14512 79180 74596 86512 131903 100992 103448 133641 42371 158127 163115 143074 54385 33149 147257 111803 75488 186818 103626 102434 95612 85685 9 34618 35343 46378 17263 187982 103904 31021 173406 38352 23574 101264 183853 74657 149407 199840 121158 197516 142784 78777 194387 35408 53764 138322 85392 114454 150814 180316 148527 151034 130736 102326 40907 167044 21228 25972 127859 186937 60781 3607 95857 105507 70855 194326 135044 92413 97427 34025 20967
200
56870 76685 187154 156527 9562 172332 32820 106716 81588 21536 33982 70088 96767 66870 38975 141074 173619 87823 55213 79583 51850 87164 67974 41270 63833 5934 183954 162565 88157 146972 147413 130624 175847 165553 66157 182011 179525 185582 151150 196046 62814 190360 139564 9416 166074 64893 17858 50155 130915 115573 98291 152497 113666 45833 157045 163775 106016 96975 180350 30298 108283 94842 162940 36300 3778 51737 156661 16677 145927 21913 109300 189699 395 57546 65750 38699 32624 108607 126376 70940 43100 101024 176206 56189 139880 134150 53165 50948 173625 131826 24807 65176 176143 11126 69941 184341 144437 61032 169628 98565 125765 193764 33839 99891 177565 75745 193718 188271 54013 92842 34977 42616 88332 179242 121062 13944 23625 179017 59485 153532 146598 173967 181267 163870 4722 101341 72493 184820 134481 110719 9818 79882 80860 8469 133767 181712 151792 161460 37013 100710 101711 183393 164388 183305 45788 96612 83543 68774 175773 51621 99008 161711 39312 91723 162961 94859 26104 129793 99979 79346 77664 119356 13142 81038 143054 9873 154206 128607 170707 45190 18210 126450 159711 131558 194426 64684 115293 49519 162124 170038 172452 163338 100450 140689 144146 17008 73405 55863 189799 96809 133432 113774 156226 22324 40795 72698 185680 156957 122861 41807
3
65537 65537 131073
200
5175 54254 103264 96969 19235 32685 60804 98927 147100 192098 5525 57705 72254 120580 139820 129828 168588 27460 2004 73413 117921 16485 89554 31137 23047 108566 181842 58479 129714 106270 45237 59051 101761 195922 37805 114464 96721 139001 118481 120342 55149 17222 151288 109583 60316 15780 53804 128840 54964 176905 158149 190543 27998 136175 167331 144076 2294 175007 15236 141920 98695 87109 195832 83845 184474 83314 158271 21473 161942 46606 190578 145935 198127 120981 75324 5039 78065 157905 123518 60050 89103 69008 83854 44049 164838 77864 131054 69537 140671 21444 75890 91099 118891 179895 47432 26666 198459 114666 66695 128657 178367 155525 117102 5381 128079 132993 31487 124639 66375 176855 158573 124277 178750 64816 144371 199115 36864 84179 11048 58087 33752 83876 85547 196075 77895 36258 47949 56309 130124 47384 68974 128713 65821 164629 117447 193753 97330 182545 65407 36256 34887 157475 167671 91360 83940 51035 31965 37655 22896 32616 87911 22403 137227 39500 76075 182894 163354 89554 51201 62648 4458 169327 44745 120337 161245 199736 106752 159315 146414 41581 90336 12742 169675 63841 85811 172800 40394 70105 42446 167766 190818 36922 24085 159513 163913 113631 33261 128093 131995 9259 89334 104892 105580 17507 32318 85250 8934 56323 186240 35402
200
13920 70992 44544 52896 62292 24708 11310 27840 1520 7752 4864 5776 6802 2698 1235 3040 29040 148104 92928 110352 129954 51546 23595 58080 32800 167280 104960 124640 146780 58220 26650 65600 22080 112608 70656 83904 98808 39192 17940 44160 7680 39168 24576 29184 34368 13632 6240 15360 9680 49368 30976 36784 43318 17182 7865 19360 22640 115464 72448 86032 101314 40186 18395 45280 174 19 363 410 276 96 121 283 80 408 256 304 358 142 65 160 167586 97395 130802 155493 149816 44172 115422 139354 141053 71801 167741 71649 199286 27223 101687 116508 176908 97446 155056 135640 92436 175806 80540 108478 169489 164082 133177 110388 73455 153149 116765 13748 169549 87421 10826 48389 175932 163592 4453 58938 96482 132729 195754 173549 101052 105024 164414 39155 42653 121125 151782 31104 78194 117075 63033 161052 80186 87000 30703 54511 174965 104422 155782 104744 75773 132018 13388 59012 60654 166438 58641 58694 21316 90926 156005 50419 139419 154864 172157 140506 58437 123136 72732 190364 42773 185659 33988 161769 81724 94170 134215 57654 283 45859 140929 21582 122766 165598 44602 78853 17638 131677 173802 177488 135150 179096 192567 67441 8195 126116 76204 78309 150025 89431 88985 135406 171632 28665 177128 123936
200
45360 83349 25515 67473 23436 38745 61803 0 81081 65394 60102 23247 27120 49833 15255 40341 14012 23165 36951 0 48477 39098 35934 13899 57840 106281 32535 86037 29884 49405 78807 0 103389 83386 76638 29643 13680 25137 7695 20349 7068 11685 18639 0 24453 19722 18126 7011 55200 101430 31050 82110 28520 47150 75210 0 98670 79580 73140 28290 88800 163170 49950 132090 45880 75850 120990 0 158730 128020 117660 45510 41280 75852 23220 61404 21328 35260 56244 0 73788 59512 54696 21156 38160 70119 21465 56763 19716 32595 51993 0 68211 55014 50562 19557 105600 194040 59400 157080 54560 90200 143880 0 188760 152240 139920 54120 44640 82026 25110 66402 23064 38130 60822 0 79794 64356 59148 22878 80640 148176 45360 119952 41664 68880 109872 0 144144 116256 106848 41328 79680 146412 44820 118524 41168 68060 108564 0 142428 114872 105576 40836 189 113 241 57 230 370 172 159 440 186 336 332 240 441 135 357 124 205 327 0 429 346 318 123 127546 164906 88197 170675 59492 33307 138575 39889 167670 66843 164215 195976 174953 83461 87503 145679 103355 56254 35706 144055 170196 194543 188279 83366 50318 40975 87659 184640 78078 162760 66142 86585
200
33968 32231 68515 76621 15054 50759 23546 59251 31652 77779 39179 7141 58256 55277 117505 131407 25818 87053 40382 101617 54284 133393 67193 12247 7744 7348 15620 17468 3432 11572 5368 13508 7216 17732 8932 1628 31680 30060 63900 71460 14040 47340 21960 55260 29520 72540 36540 6660 17776 16867 35855 40097 7878 26563 12322 31007 16564 40703 20503 3737 39600 37575 79875 89325 17550 59175 27450 69075 36900 90675 45675 8325 52096 49432 105080 117512 23088 77848 36112 90872 48544 119288 60088 10952 43120 40915 86975 97265 19110 64435 29890 75215 40180 98735 49735 9065 64240 60955 129575 144905 28470 95995 44530 112055 59860 147095 74095 13505 30272 28724 61060 68284 13416 45236 20984 52804 28208 69316 34916 6364 9504 9018 19170 21438 4212 14202 6588 16578 8856 21762 10962 1998 3520 3340 7100 7940 1560 5260 2440 6140 3280 8060 4060 740 193 331 44 180 101 225 296 245 365 172 54 20 176 167 355 397 78 263 122 307 164 403 203 37 149269 132855 171219 47115 184430 193619 16771 161447 161500 116443 163143 83868 141536 35655 141282 194730 174086 30588 123736 66420 31475 112675 135605 56267 36977 51982 59970 55787 186150 146816 62908 170996
200
0 0 0 0 0 0 0 0 0 0 0 0 0 0 0 0 0 0 0 0 0 0 0 0 0 0 0 0 0 0 0 0 0 0 0 0 0 0 0 0 0 0 0 0 0 0 0 0 0 0 0 0 0 0 0 0 0 0 0 0 0 0 0 0 0 0 0 0 0 0 0 0 0 0 0 0 0 0 0 0 0 0 0 0 0 0 0 0 0 0 0 0 0 0 0 0 0 0 0 0 0 0 0 0 0 0 0 0 0 0 0 0 0 0 0 0 0 0 0 0 0 0 0 0 0 0 0 0 0 0 0 0 0 0 0 0 0 0 0 0 0 0 0 0 0 0 0 0 0 0 0 0 0 0 0 0 0 0 0 0 0 0 0 0 0 0 0 0 0 0 0 0 0 0 0 0 0 0 0 0 0 0 0 0 0 0 0 0 0 0 0 0 0 0 0 0 0 0 0 0
200
56744 49528 10824 43624 10660 31980 27552 28372 70028 43296 4264 36244 14432 12802 11174 2442 9842 2405 7215 6216 6401 15799 9768 962 8177 3256 139092 121404 26532 106932 26130 78390 67536 69546 171654 106128 10452 88842 35376 22490 19630 4290 17290 4225 12675 10920 11245 27755 17160 1690 14365 5720 21798 19026 4158 16758 4095 12285 10584 10899 26901 16632 1638 13923 5544 131134 114458 25014 100814 24635 73905 63672 65567 161833 100056 9854 83759 33352 124560 108720 23760 95760 23400 70200 60480 62280 153720 95040 9360 79560 31680 140822 122914 26862 108262 26455 79365 68376 70411 173789 107448 10582 89947 35816 143590 125330 27390 110390 26975 80925 69720 71795 177205 109560 10790 91715 36520 122830 107210 23430 94430 23075 69225 59640 61415 151585 93720 9230 78455 31240 78888 68856 15048 60648 14820 44460 38304 39444 97356 60192 5928 50388 20064 102416 89392 19536 78736 19240 57720 49728 51208 126392 78144 7696 65416 26048 109682 95734 20922 84322 20605 61815 53256 54841 135359 83688 8242 70057 27896 164 37 402 65 63 379 360 407 415 355 228 296 317 346 302 66 266 65 195 168 173 427 264 26 221 88 153154 29141 35240 181331 181298
200
160848 32380 51285 117868 197898 102694 151947 60673 150429 34529 54044 145473 83104 127171 127489 102234 189863 26071 77778 88602 113322 86767 46671 184807 170153 67061 176078 83793 69000 67615 81444 156456 197055 197281 122361 82142 132264 18692 33481 198476 191624 198232 87035 190788 115101 113732 87277 15162 69168 132361 137509 147950 151467 114259 184160 166038 197534 4765 141058 181468 94017 92380 169923 6282 11127 67462 183438 109237 68641 173863 28738 63876 66264 46564 41021 34295 9667 112476 153378 24125 84755 119933 124838 50341 144644 102388 178834 81187 116081 165189 51672 153415 138724 189644 191274 147785 139827 199779 191434 174560 29656 86511 17775 139113 26794 138369 4179 189473 126217 64233 17510 57635 34182 127062 39659 161944 80826 167227 56141 7935 124452 64922 125540 79523 102386 194845 172804 59687 40481 165229 98538 106473 32183 10890 183267 69948 63990 49742 21491 9901 63880 101908 157948 106308 46431 127093 77741 65133 123595 96441 56924 61180 191132 94163 102633 185145 8492 12692 3160 153263 126439 169981 124681 23671 33130 156460 97843 125683 47368 165183 113272 23137 155213 185221 100994 70623 132896 186107 123280 138041 166981 10815 10033 140195 47437 185332 177758 55673 197721 160278 11032 193650 148892 27660 79594 192035 64568 29728 34747 93099
200
1 1 1 1 1 1 1 1 1 1 1 1 1 1 1 1 1 1 1 1 1 1 1 1 1 1 1 1 1 1 1 1 1 1 1 1 1 1 1 1 1 1 1 1 1 1 1 1 1 1 1 1 1 1 1 1 1 1 1 1 1 1 1 1 1 1 1 1 1 1 1 1 1 1 1 1 1 1 1 1 1 1 1 1 1 1 1 1 1 1 1 1 1 1 1 1 1 1 1 1 1 1 1 1 1 1 1 1 1 1 1 1 1 1 1 1 1 1 1 1 1 1 1 1 1 1 1 1 1 1 1 1 1 1 1 1 1 1 1 1 1 1 1 1 1 1 1 1 1 1 1 1 1 1 1 1 1 1 1 1 1 1 1 1 1 1 1 1 1 1 1 1 1 1 1 1 1 1 1 1 1 1 1 1 1 1 1 1 1 1 1 1 1 1 1 1 1 1 1 1
200
0 0 0 0 0 0 0 0 0 0 0 0 0 0 0 0 0 0 0 0 0 0 0 0 0 0 0 0 0 0 0 0 0 0 0 0 0 0 0 0 0 0 0 0 0 0 0 0 0 0 0 0 0 0 0 0 0 0 0 0 0 0 0 0 0 0 0 0 0 0 0 0 0 0 0 0 0 0 0 0 0 0 0 0 0 0 0 0 0 0 0 0 0 0 0 0 0 0 0 0 199015 120061 121551 42862 85721 3170 127605 134879 30319 59904 126985 80640 21511 182497 83265 105830 16922 22021 80814 81194 95435 60212 13792 130204 117510 82115 61771 104476 90800 7390 77640 153840 4692 72873 45099 174516 56269 39445 81419 193527 48050 107320 990 188951 9337 128127 30013 158900 58375 19725 14165 95404 63860 140956 110552 139037 134998 182417 99523 136357 4436 142671 139800 115381 80367 81764 89304 43592 136033 110884 167163 152403 136845 32896 189473 149485 65091 54105 81647 104009 137216 49784 97358 45127 3456 83359 122445 52479 84081 72253 104406 123988 34637 61438 47055 198164 136410 129936 197999 42947
200
32030 59704 114504 10295 137649 101332 7213 38241 122988 61242 35306 96682 51974 192874 39980 80611 61112 181370 65360 158260 22917 190421 83043 163001 42799 115249 16533 126883 108742 101434 69761 59908 44032 12567 44416 70433 26602 187124 131208 94775 11028 69279 15383 157059 145370 123464 153495 74936 3409 188618 15618 171530 52905 23770 186183 142201 47980 8103 197700 113005 44923 450 100439 131953 33719 114309 69679 78530 184704 23302 69694 13831 195821 80636 163529 104165 147777 36543 46291 125058 84245 160545 160758 197690 111718 102443 145647 184875 11358 186980 81354 118733 186100 56121 45579 189673 13887 193136 150198 127551 100434 52300 11058 106741 138542 86072 66976 98371 12557 110703 52521 160440 86749 39541 170876 32609 24897 158379 95828 190332 195019 86084 153625 105008 157435 23233 15182 15301 186861 192279 82013 183052 191037 120372 142012 21824 153762 124491 121200 92388 192666 75009 124552 143929 183319 183186 157961 21630 195822 152104 23385 96217 93382 120549 40537 70382 69044 167475 177646 138974 60039 150258 111197 79691 96290 50953 8374 143744 146468 198691 133997 73113 146341 6803 126756 85298 154888 183076 136581 193726 31253 153695 6925 162468 125718 78944 2236 147283 117521 22335 115032 78888 98446 63947 24064 38671 115952 189398 35579 130166
200
80484 77660 133081 102017 135552 17650 130963 70600 51185 44125 41654 7766 88008 84920 145522 111554 148224 19300 143206 77200 55970 48250 45548 8492 38532 37180 63713 48841 64896 8450 62699 33800 24505 21125 19942 3718 88236 85140 145899 111843 148608 19350 143577 77400 56115 48375 45666 8514 101004 97460 167011 128027 170112 22150 164353 88600 64235 55375 52274 9746 99180 95700 163995 125715 167040 21750 161385 87000 63075 54375 51330 9570 19152 18480 31668 24276 32256 4200 31164 16800 12180 10500 9912 1848 69768 67320 115362 88434 117504 15300 113526 61200 44370 38250 36108 6732 101916 98340 168519 129183 171648 22350 165837 89400 64815 55875 52746 9834 99408 95920 164372 126004 167424 21800 161756 87200 63220 54500 51448 9592 17784 17160 29406 22542 29952 3900 28938 15600 11310 9750 9204 1716 8436 8140 13949 10693 14208 1850 13727 7400 5365 4625 4366 814 353 386 169 387 443 435 84 306 447 436 78 37 228 220 377 289 384 50 371 200 145 125 118 22 40784 196262 83029 136547 76086 174015 14490 165272 15501 24440 179927 146595 177758 186837 963 15607 34127 55803 51606 79268 58001 173430 1839 43064 175 194822 120009 166569 159388 119790 158799 62164
200
131073 131073 131073 65537 131073 65537 65537 65537 131073 65537 131073 65537 65537 131073 131073 65537 65537 65537 65537 131073 65537 131073 65537 131073 65537 131073 131073 65537 65537 65537 65537 131073 65537 131073 65537 131073 65537 65537 131073 131073 65537 131073 131073 65537 65537 131073 65537 131073 65537 65537 131073 131073 131073 131073 131073 131073 65537 131073 65537 131073 131073 131073 131073 131073 65537 65537 65537 131073 131073 65537 65537 65537 65537 131073 131073 131073 131073 131073 131073 131073 65537 65537 65537 131073 65537 65537 131073 65537 65537 65537 131073 65537 65537 65537 131073 65537 131073 131073 131073 131073 65537 65537 65537 131073 65537 131073 131073 65537 131073 65537 65537 131073 65537 131073 131073 65537 131073 131073 131073 65537 131073 65537 65537 65537 65537 131073 131073 65537 65537 65537 65537 131073 131073 65537 131073 131073 65537 131073 65537 131073 131073 131073 65537 65537 131073 65537 131073 131073 131073 65537 131073 131073 65537 131073 131073 65537 65537 131073 65537 65537 65537 131073 131073 65537 131073 131073 65537 131073 131073 65537 131073 131073 131073 65537 65537 65537 131073 131073 131073 131073 131073 131073 65537 131073 65537 131073 131073 65537 65537 131073 131073 131073 65537 65537 65537 131073 65537 131073 131073 131073
200
0 0 0 1 0 1 0 0 0 0 1 0 0 1 1 1 1 1 0 1 1 1 1 0 0 0 0 0 0 1 0 1 0 1 1 1 1 1 0 1 0 1 0 1 0 1 1 0 0 0 0 0 1 0 0 0 0 0 0 1 0 1 1 0 1 1 1 1 0 1 1 0 1 0 0 1 0 1 1 1 1 1 0 1 0 1 0 0 0 0 0 1 1 1 1 0 0 0 1 1 1 0 0 0 0 0 1 1 1 0 0 1 0 0 0 1 1 1 0 1 0 1 1 0 1 1 0 1 1 1 0 1 0 1 1 0 0 1 1 0 0 1 0 1 0 1 0 1 1 0 0 0 0 0 1 0 1 1 0 0 0 0 0 1 1 1 0 0 1 1 1 1 1 1 0 1 1 0 0 0 0 1 0 0 1 1 1 1 1 0 1 1 1 0 0 1 0 1 1 1
200
200000 200000 200000 200000 200000 200000 200000 200000 200000 200000 200000 200000 200000 200000 200000 200000 200000 200000 200000 200000 200000 200000 200000 200000 200000 200000 200000 200000 200000 200000 200000 200000 200000 200000 200000 200000 200000 200000 200000 200000 200000 200000 200000 200000 200000 200000 200000 200000 200000 200000 200000 200000 200000 200000 200000 200000 200000 200000 200000 200000 200000 200000 200000 200000 200000 200000 200000 200000 200000 200000 200000 200000 200000 200000 200000 200000 200000 200000 200000 200000 200000 200000 200000 200000 200000 200000 200000 200000 200000 200000 200000 200000 200000 200000 200000 200000 200000 200000 200000 200000 200000 200000 200000 200000 200000 200000 200000 200000 200000 200000 200000 200000 200000 200000 200000 200000 200000 200000 200000 200000 200000 200000 200000 200000 200000 200000 200000 200000 200000 200000 200000 200000 200000 200000 200000 200000 200000 200000 200000 200000 200000 200000 200000 200000 200000 200000 200000 200000 200000 200000 200000 200000 200000 200000 200000 200000 200000 200000 200000 200000 200000 200000 200000 200000 200000 200000 200000 200000 200000 200000 200000 200000 200000 200000 200000 200000 200000 200000 200000 200000 200000 200000 200000 200000 200000 200000 200000 200000 200000 200000 200000 200000 200000 200000 200000 200000 200000 200000 200000 200000
200
163011 186260 112368 149463 4372 143269 18508 75982 29302 50750 114053 150555 41221 118335 66086 101534 195005 49633 134427 194776 64371 159853 70756 137577 2572 153316 118200 180312 51352 67486 66859 62979 91528 149223 92721 170514 194443 175819 32286 196008 79712 64984 114179 22359 19932 117778 145584 134832 39241 149729 82564 101250 80553 165953 1309 84164 79650 17553 72287 168868 9170 4527 123109 119769 87634 184302 24074 10854 65988 151561 45332 149113 57443 78103 59190 98305 18658 102940 80049 111032 80001 88819 18240 168099 43436 135736 148062 33120 79116 142041 107126 80299 119583 84485 55767 5745 138526 34451 21861 56164 67280 129940 121257 161828 36952 94976 192737 48950 80373 189057 71196 180088 67750 115166 190358 43128 185809 10918 48083 42938 4538 110035 65607 151750 88867 174997 42124 194506 143291 191000 1855 188097 66681 87124 164621 68239 30727 109216 17456 142942 61885 92516 123956 188050 155655 56789 106622 175532 51813 46828 95480 97439 149184 80770 139060 151395 158268 125954 170670 22605 116095 191824 39157 136891 128710 58855 50965 21417 171770 51678 20520 84425 71005 173842 161250 50596 193679 109736 159725 186592 174333 158457 111395 199202 137149 160093 80701 107998 75023 140460 36265 24499 100208 83841 187888 99549 77338 69332 105749 103188
200
137922 190675 176904 157526 198664 24809 73161 119525 74331 77589 126207 89246 25410 87828 196841 174115 73507 158685 1685 7608 99197 26867 174553 26949 186334 118407 91245 160125 60574 74295 56217 178317 101183 10549 78735 14284 96409 190825 166921 199527 163244 53806 157490 116395 4218 56836 71875 108609 2237 106590 76856 114455 11563 144585 16224 135082 187699 190723 9462 94175 149384 134436 173437 109525 43789 185941 23133 88135 143965 149192 62216 74424 81821 105451 184008 95718 96431 38245 38711 54427 94311 25555 82193 179254 51448 107843 124067 198814 119401 58281 55336 98101 6521 42829 159779 188466 106250 198430 171058 148138 129153 16133 97490 73080 118635 51246 111662 49651 79797 116923 116987 66428 180562 82739 197715 101595 4871 4657 45240 5948 175871 103852 142967 147000 33540 139275 136971 70868 99888 70354 131944 115734 42665 50359 191485 75858 23568 38723 184463 75317 52497 118685 115534 65998 46318 179990 76833 57884 125014 143504 67366 74844 159649 149908 27887 173994 25018 43016 52212 199886 75978 16441 156173 160615 120743 136502 3154 121628 78623 165513 54714 13904 192792 147469 187500 124688 19568 12033 78462 46518 168264 60201 184 82151 12915 129838 66828 86024 40978 167744 69144 134764 113295 50460 69988 3495 157193 78519 18944 92227
200
114816 106260 111504 53544 22632 36432 59616 14904 47196 114816 106260 111504 53544 22632 36432 59616 14904 47196 129792 120120 126048 60528 25584 41184 67392 16848 53352 31616 29260 30704 14744 6232 10032 16416 4104 12996 12064 11165 11716 5626 2378 3828 6264 1566 4959 121888 112805 118372 56842 24026 38676 63288 15822 50103 2496 2310 2424 1164 492 792 1296 324 1026 137696 127435 133724 64214 27142 43692 71496 17874 56601 128544 118965 124836 59946 25338 40788 66744 16686 52839 276 276 312 76 29 293 6 331 309 416 385 404 194 82 132 216 54 171 146579 148950 108167 113425 75981 35584 143115 49287 144375 77762 77695 134611 133897 90754 50762 163153 149509 178760 84809 14063 149719 131078 183612 75256 113697 21228 178276 165781 79645 163819 50905 187141 193185 116155 103652 148388 129766 168018 165604 183946 178500 39506 25092 105950 25204 149253 67959 133904 160273 5623 13559 73944 21777 199505 42615 188696 7478 61855 100191 29128 157193 193495 15083 127983 91897 127865 42910 119436 115765 77520 136250 23784 20090 90427 109267 167088 132589 69884 56581 136941 52850 33579 87339 125510 102775 2686 7692 148634 23913 157636 124926 85680 195923 127666 172737 67977 3842 158259 89800 57858 143214
200
38146 12615 143818 19593 190058 191933 130277 58784 159103 98538 128112 193707 1475 23359 107876 142298 41069 35107 12338 25203 13600 118069 38959 96726 52523 151417 21709 101147 123331 76107 160456 50863 95717 81374 54227 162803 180165 105873 195676 184548 123577 181579 171702 187891 175866 187295 185033 76327 82156 133153 10423 148430 49530 112547 183526 128449 18127 66995 122133 104161 92979 84307 80524 48802 193529 110560 197834 189251 145697 188752 74465 154163 71347 130023 123618 152845 152198 150021 40777 91994 172729 99630 166089 116746 164906 150831 105327 77256 138133 78442 167189 25353 81316 140894 76514 41486 25345 79599 185598 42807 113469 56543 181354 49009 121982 163099 62599 158552 156173 39198 140926 27706 58602 83934 105886 27426 137901 132976 85558 88534 139426 21235 75740 116628 89430 50349 146534 184237 23749 171961 12297 165817 173925 94419 164084 8442 15453 84968 87964 35870 133369 73507 194367 49889 173952 188560 162981 157834 192078 151926 68380 63194 160748 41083 111863 103392 199958 51132 22518 26509 139012 37132 573 140882 7667 91644 52652 121713 178514 180394 85166 32737 97168 173507 87086 152937 126219 121889 130174 123039 36213 147590 148726 190406 198968 98774 7154 83323 96511 27649 85222 68679 82071 128395 126028 74213 167069 140054 151143 72094
200
113683 25483 150716 133969 126120 138393 118061 100364 42284 166856 13373 121935 168544 150256 161616 12708 179849 128288 91408 17547 110064 19885 161733 76570 153328 174703 67344 186386 2171 157363 32993 176101 29782 19430 157169 148639 166618 16145 86774 17672 127742 45753 107964 45758 42733 21620 104478 55775 61232 22322 122710 59114 175252 188567 60178 141686 143053 54851 186143 1227 85266 160070 44499 65996 57676 23642 137818 24987 89874 88868 124329 17590 88416 173647 181051 31401 194141 27991 22008 146749 20047 161874 142905 104835 147815 38096 163455 168707 57625 69625 342 105440 119269 104035 61523 183096 29552 176188 141618 157313 95069 151187 27599 127173 40513 181958 137905 107792 70768 68976 115083 189234 7866 38842 22545 151832 191536 168332 55256 47676 118588 35986 101484 58546 176478 60628 123101 143471 158132 168637 60420 111652 17705 107257 133305 1358 176396 106644 9677 43991 102443 125191 82384 153191 106654 161995 182454 47426 9457 156004 83369 187207 148107 155598 95300 14718 169676 197382 18451 149321 187299 90893 199956 77426 149296 15195 56604 147438 39826 107379 160163 192353 85499 144973 151021 54060 81826 6643 119537 131756 131603 90739 109077 46674 112586 56312 58216 54781 50392 34780 78281 24341 26307 21292 1764 82273 80818 106437 190413 94453
200
8512 5928 4826 4560 4218 13262 3496 78624 54756 44577 42120 38961 122499 32292 68992 48048 39116 36960 34188 107492 28336 21056 14664 11938 11280 10434 32806 8648 40320 28080 22860 21600 19980 62820 16560 11648 8112 6604 6240 5772 18148 4784 24864 17316 14097 13320 12321 38739 10212 38 351 308 94 180 52 111 224 156 127 120 111 349 92 62793 113481 72074 75731 116658 92687 72373 184536 57364 195026 101784 110809 102889 20848 20085 47886 23766 196268 117211 55516 186150 4561 191745 407 28836 71735 44775 4651 16686 18112 36070 10711 152988 87494 15419 97992 35594 154588 872 110671 77393 127599 195711 43141 151069 195961 51784 54833 81984 177202 11611 166881 135431 27067 169551 914 6345 92877 108709 142912 123533 70996 161119 139397 101212 171804 189281 53419 30991 13298 127837 55427 161636 88607 186124 74982 49155 146641 128659 77722 86326 93998 164967 73442 189025 973 119288 62970 78955 7088 18972 87123 182228 16206 151497 59925 64030 135037 178345 73341 171806 17690 31329 3163 22057 130405 179840 90131 81803 163752 156129 157449 173239 122305 2775 146001 185147 138426 73032 157880 4268 117863 161045 148726 82044 68081 175098 156158 28321 152566 184968 193141 84314 175765 107897 97381 85814
200
0 0 1 1 0 0 1 1 0 1 1 1 0 1 1 1 1 1 0 0 1 0 0 1 0 0 1 0 0 0 1 1 1 1 0 1 0 1 1 1 1 0 0 1 0 1 0 0 0 0 0 0 1 1 1 1 0 1 1 0 1 0 1 1 1 1 0 0 0 0 0 1 1 1 0 1 0 1 1 1 1 1 0 1 0 0 0 0 0 1 0 0 1 1 1 1 1 1 0 1 1 0 0 1 0 1 1 1 1 0 0 1 1 0 0 0 1 0 1 0 0 1 0 0 0 1 1 0 1 1 1 0 1 1 1 1 1 0 1 0 0 1 1 1 0 1 1 1 0 1 1 1 1 0 0 1 0 0 1 0 1 1 0 0 0 1 0 0 0 0 1 1 1 0 1 1 1 1 1 1 1 0 1 0 1 0 0 1 0 1 1 1 1 0 1 1 0 1 1 1
200
5355 4095 2184 8904 2247 5271 7329 8736 5901 4095 714 7161 5964 27285 20865 11128 45368 11449 26857 37343 44512 30067 20865 3638 36487 30388 40035 30615 16328 66568 16799 39407 54793 65312 44117 30615 5338 53537 44588 75225 57525 30680 125080 31565 74045 102955 122720 82895 57525 10030 100595 83780 86190 65910 35152 143312 36166 84838 117962 140608 94978 65910 11492 115258 95992 11475 8775 4680 19080 4815 11295 15705 18720 12645 8775 1530 15345 12780 13515 10335 5512 22472 5671 13303 18497 22048 14893 10335 1802 18073 15052 40035 30615 16328 66568 16799 39407 54793 65312 44117 30615 5338 53537 44588 27795 21255 11336 46216 11663 27359 38041 45344 30629 21255 3706 37169 30956 91545 70005 37336 152216 38413 90109 125291 149344 100879 70005 12206 122419 101956 113475 86775 46280 188680 47615 111695 155305 185120 125045 86775 15130 151745 126380 71400 54600 29120 118720 29960 70280 97720 116480 78680 54600 9520 95480 79520 111435 85215 45448 185288 46759 109687 152513 181792 122797 85215 14858 149017 124108 21 107 157 295 338 45 53 157 109 359 445 280 437 255 195 104 424 107 251 349 416 281 195 34 341 284 111955 155199 179720 1190 75148
200
0 0 0 0 0 0 0 0 0 0 0 0 0 0 0 0 0 0 0 0 0 0 0 0 0 0 0 0 0 0 0 0 0 0 0 0 0 0 0 0 0 0 0 0 0 0 0 0 0 0 0 0 0 0 0 0 0 0 0 0 0 0 0 0 0 0 0 0 0 0 0 0 0 0 0 0 0 0 0 0 0 0 0 0 0 0 0 0 0 0 0 0 0 0 0 0 0 0 0 0 161359 123911 46317 24814 52400 140007 189959 167908 29354 120816 103085 17733 51381 167621 102291 23661 119908 195104 71735 59643 35210 151793 153073 177237 195765 128075 81335 20838 194095 62708 161063 55531 100704 123389 10942 95797 95464 49618 116066 150159 139468 180665 44128 14606 18363 57740 79792 52682 25918 143717 29146 135165 192234 197176 147391 184958 88297 20454 81952 177086 91879 144777 51594 80733 120309 28218 80416 87227 98452 149846 109604 160024 25517 152357 21423 19171 67826 10296 44411 62588 110729 79615 112992 37027 34267 151461 62964 105637 73394 52210 40119 36848 77380 3393 80935 61791 138530 74518 132141 85530
