30
6
5 2 4 6 3 1
6
2 4 8 16 32 64
3
1 1 1
3
200000 200000 200000
200
117383 101841 18405 47853 13906 124745 56033 131698 53095 46065 8325 21645 6290 56425 25345 59570 83230 72210 13050 33930 9860 88450 39730 93380 119679 103833 18765 48789 14178 127185 57129 134274 110495 95865 17325 45045 13090 117425 52745 123970 60557 52539 9495 24687 7174 64355 28907 67942 66297 57519 10395 27027 7854 70455 31647 74382 89257 77439 13995 36387 10574 94855 42607 100142 409 185 290 417 385 211 231 311 287 249 45 117 34 305 137 322 172864 157321 162162 71469 76463 113222 11265 90857 126033 188570 111195 66352 124285 99313 40127 73967 99049 144105 93145 73697 48915 114450 128898 139048 47356 148192 187596 180216 2584 175796 84966 108258 22146 131679 162410 156727 28359 59750 37617 16384 25055 51655 148602 121730 101589 105373 178819 7004 61962 173444 3684 187375 79321 115767 182164 63210 174770 134590 181448 30943 52502 127788 195033 146574 151641 160309 56724 12477 192056 63961 22972 189972 194843 77104 25545 168767 121120 169092 175146 142811 75883 83570 140850 173870 56255 55518 30807 63636 74590 173302 84854 138358 141470 63037 80358 76718 165366 165600 32964 79090 125744 117902 131359 19065 150277 5342 179169 100726 194512 16371 52446 79934 131027 165999 53632 116235 111896 51201 52229 179302
200
72133 24267 187391 17538 448 26400 124389 15352 186363 32268 163686 126378 190395 197803 162557 180748 28143 144752 186519 16651 167612 60373 131412 29808 168092 182226 89639 12453 41031 75682 78271 96271 133322 99526 105265 54226 141572 132523 145137 58530 51353 99834 66235 150072 79132 177384 115161 56910 175482 81925 193677 173528 136941 122739 132808 25535 7464 181110 3707 36975 90204 153480 138250 29312 136558 61927 187289 68698 113586 32345 84139 175128 133012 149187 113953 198810 74853 171545 74870 142549 196337 90111 19846 178462 190966 128250 145165 114925 78414 4956 85077 71969 152949 187929 64943 115657 18570 1695 126151 45220 3220 157102 86534 7051 161123 112427 16760 9650 48853 179976 2473 116468 68564 103838 7253 167661 172297 70924 48898 198803 97202 70095 71 69586 17297 179187 63529 60376 166272 198096 192190 14087 104230 114800 118737 64055 138436 82484 2675 128798 79630 24005 135429 14560 50541 113272 62452 193288 49702 197444 49948 189424 108258 29308 11419 70961 59170 144496 15404 78044 153692 59094 16185 132233 199666 87921 84003 42583 114220 25904 97287 100469 72998 105117 53020 83696 177236 104674 10218 1297 11969 170383 77301 96071 136795 34679 61705 87725 103559 37426 14121 103650 144482 60285 149875 39091 76541 20475 161899 116949
200
0 0 0 0 0 0 0 0 0 0 0 0 0 0 0 0 0 0 0 0 0 0 0 0 0 0 0 0 0 0 0 0 0 0 0 0 0 0 0 0 0 0 0 0 0 0 0 0 0 0 0 0 0 0 0 0 0 0 0 0 0 0 0 0 0 0 0 0 0 0 0 0 0 0 0 0 0 0 0 0 0 0 0 0 0 0 0 0 0 0 0 0 0 0 0 0 0 0 0 0 154812 15193 173032 13006 151280 145723 127312 46739 10416 156749 91305 51251 63796 60238 28376 160772 184398 180957 24001 128255 92436 85153 63481 99561 119590 83006 21130 147860 186579 143679 193221 115562 184007 173664 137714 159973 197756 166714 165333 137946 88225 71763 59892 134776 69101 148325 37670 154714 45641 109923 51160 28636 159887 14826 184771 174571 50559 58551 22254 147636 29820 34530 181532 114514 50831 44536 31504 188349 51462 52350 122525 143567 152346 81479 97450 159565 118897 179487 99310 187570 180179 164648 34296 83160 184938 190334 180244 159811 10966 89036 150025 73344 44745 125125 140037 39196 92456 21792 118108 167105
200
26062 56129 23300 99387 39694 105057 176250 981 65086 165651 170550 14659 8919 49084 15949 153652 112631 119343 68063 159695 127276 84213 59076 16368 188841 42467 123763 147726 124191 192618 138942 146968 141403 73087 141904 150053 163365 167164 796 83098 125253 11016 162113 17548 46262 11943 188444 113305 159642 20038 97078 45727 27798 54789 108288 180803 166174 199159 83 112624 195990 160232 93919 8321 128716 70462 67099 31031 78256 9423 90480 143699 96000 87252 124650 68696 13071 81033 9766 22526 32387 152363 186568 81493 185061 146461 41240 75229 12814 179896 169270 134488 160610 79131 19769 43339 119644 120228 56438 189577 74363 155067 137516 183704 175731 183513 178686 164713 141200 36384 183953 16549 36988 90862 1743 19749 84815 84769 4288 92524 108678 136791 4512 177836 101358 103146 56169 156746 114116 160820 43105 68910 61888 152013 47261 6552 100118 97722 174611 157531 134058 127812 119727 133804 83496 135318 140259 16471 156090 158408 171829 138677 73867 182148 4375 113718 27629 103546 198428 72008 100403 56438 173831 178713 62450 23346 125841 181187 25794 20012 152699 97754 79786 25187 191709 106922 199102 146678 85381 101655 102575 93625 91311 117555 67243 143221 148384 160298 64720 188500 17113 41816 22150 93773 14709 23497 52484 95526 130667 43233
200
173698 187425 106752 136153 157060 21328 103507 108651 24308 153860 64622 25810 54218 149787 140921 62341 193120 170260 42127 82076 27691 114997 17694 123331 168086 92694 43250 95673 118073 184635 9617 10634 185993 166563 163360 137355 6020 113733 96906 3665 116561 188615 37868 141536 183999 183752 69005 132761 31398 50393 191744 185587 129 120625 18264 191066 141374 153217 184600 17662 61073 115046 21495 13117 89006 46861 88711 134058 79699 139788 127890 126147 128949 98952 132622 110233 76419 97750 117610 152748 151262 108257 12064 163726 36108 80310 43240 126442 199172 82424 62668 141819 185113 137562 118988 49578 52841 73876 102769 111896 121783 159814 98005 182795 13696 169432 159242 91055 147667 89154 92787 39432 43687 151413 163181 3438 151828 32603 167292 145916 137604 163017 162747 88455 46064 111667 27698 93250 43784 155671 100135 30613 86136 160241 28349 109009 42408 155323 128543 188735 7091 156543 37913 2354 154997 100224 147271 14743 133248 105157 148787 58323 108225 130966 108791 178942 66004 107503 133096 175590 17470 158266 50467 197074 84576 4503 184903 196969 33551 77174 190345 127404 125119 155093 60066 3363 107226 71892 34448 26560 168847 176158 70239 182994 3668 151526 144480 191082 160387 45793 37540 199652 103827 48374 154354 45647 2310 171754 73530 97396
200
154536 78501 32880 18084 125355 1644 162756 41511 53019 70692 160290 9453 36990 2256 1146 480 264 1830 24 2376 606 774 1032 2340 138 540 65424 33234 13920 7656 53070 696 68904 17574 22446 29928 67860 4002 15660 3760 1910 800 440 3050 40 3960 1010 1290 1720 3900 230 900 22560 11460 4800 2640 18300 240 23760 6060 7740 10320 23400 1380 5400 23312 11842 4960 2728 18910 248 24552 6262 7998 10664 24180 1426 5580 72568 36863 15440 8492 58865 772 76428 19493 24897 33196 75270 4439 17370 50760 25785 10800 5940 41175 540 53460 13635 17415 23220 52650 3105 12150 137992 70097 29360 16148 111935 1468 145332 37067 47343 63124 143130 8441 33030 78208 39728 16640 9152 63440 832 82368 21008 26832 35776 81120 4784 18720 65048 33043 13840 7612 52765 692 68508 17473 22317 29756 67470 3979 15570 24064 12224 5120 2816 19520 256 25344 6464 8256 11008 24960 1472 5760 18800 9550 4000 2200 15250 200 19800 5050 6450 8600 19500 1150 4500 411 6 174 10 60 62 193 135 367 208 173 64 50 376 191 80 44 305 4 396 101 129 172 390 23 90 23398 162828 148892 116598 35128
200
161274 149360 23526 74514 147904 96397 190812 93062 170725 117118 78251 150692 162772 150571 83136 51483 87419 9676 121615 53494 73836 85946 71117 120861 187444 54360 33179 174692 31743 111021 39917 182286 32859 107617 43559 4130 16130 197837 110279 108637 38013 59046 63642 55448 158635 40946 124482 98710 100544 62651 34943 61539 48911 31620 137637 72668 45941 130013 50475 116893 112258 75488 57801 180864 63550 122344 17485 74868 18540 171285 190978 91100 75138 45501 93165 188814 161009 198568 175801 4775 62969 71657 105227 58779 161244 82153 39907 64774 54811 181458 86899 145714 20981 125888 118623 9656 182282 43631 13413 144768 138755 115069 172084 7737 153173 180409 66323 143309 133517 2680 57925 1810 80789 101236 37080 5168 195214 96939 81724 162194 66630 84306 59107 186580 41467 27467 103568 197369 155264 10217 10845 182342 111811 45718 52797 90453 159262 43828 64535 146073 72807 184067 100699 79817 139027 134354 188129 72635 160511 142832 164367 128013 55350 93866 95513 118530 84515 155738 50461 189113 49452 105385 90981 108318 139832 72202 91629 137066 155947 126423 191392 186205 31528 180043 177151 189472 9856 136233 21946 79474 139952 156100 19730 73502 29535 49105 88184 168550 81262 179027 57149 86132 147566 102143 127577 24211 138217 41 10837 29927
200
176198 155607 68239 32298 27022 151152 11942 133221 166620 36026 190194 7367 116825 103487 52495 22043 152448 25310 11280 151998 117585 111522 35576 195815 130516 29822 162844 35607 79434 137460 113824 105007 25557 121343 125149 113878 124676 145066 9562 196014 29075 84197 21225 188217 160343 40393 189294 67115 104415 151790 190220 179988 158832 22229 192747 18602 4615 62515 75092 173377 119189 42066 98014 38858 58066 157379 137346 137755 64395 50284 106574 139918 147349 193047 84360 48814 43857 105660 192700 121450 33041 76985 45643 101920 192255 87245 97921 48789 53455 155535 120855 31965 7062 8918 143721 70507 140050 22350 12997 148421 137151 169570 96160 144826 149251 63047 160427 52555 48160 65836 143345 90004 107523 135802 134338 22739 13057 75962 99359 94511 127435 104566 126030 39841 19087 16031 98304 8823 146922 166023 50040 182404 7868 199662 110145 166746 196366 107271 4835 82897 179075 66544 82329 152171 179100 184416 71097 128294 178246 113382 125792 184240 187687 53538 152946 142585 57573 88884 103395 28002 35577 24092 55864 120841 63891 112396 99392 138442 11567 114119 111794 40842 76078 148666 26191 4255 192381 142350 59717 89502 68486 63009 199028 53914 81417 100499 43319 172705 85153 34587 167695 108792 26580 132621 45084 109173 516 90395 153622 137794
200
59266 81826 85879 177458 88557 113655 195313 132489 93380 116997 131080 27293 83820 63921 177328 4723 149637 78035 168770 72919 131292 61058 96276 100279 111182 110884 195979 30348 81268 70763 196309 141263 94917 24945 55674 48883 199192 97305 23024 48319 105685 151171 38444 114699 20192 178000 87423 117133 115625 180326 133496 172034 120951 134604 114020 178672 88505 104915 82382 148383 159122 8775 191710 92484 64347 7138 26196 44866 12583 90543 27946 104041 152823 21744 196931 45192 44856 83486 93986 5120 99775 26512 46581 42015 28921 21518 67529 179679 103746 21661 51520 42388 146332 69171 188722 12866 91057 13514 190549 189789 151204 173272 176626 159995 74591 180982 2447 57449 98802 191531 29566 1551 99667 62297 117810 159651 43141 95377 87919 98036 124949 44947 170042 67512 161801 932 162913 13398 197660 112090 75054 18308 97831 187909 2351 72840 135344 139636 62735 167743 187585 185785 5359 20707 111596 74510 110899 52107 141646 166058 16458 120198 145442 96300 96867 139729 147060 81994 24595 49653 7482 174535 88623 47450 11833 133910 176857 3289 120443 73305 159815 179438 118128 192646 61447 56036 190816 122854 133203 75057 133985 64798 111088 118665 31901 198899 174773 56288 12054 148859 152396 9432 54534 146826 87767 96984 139959 183045 129785 92042
200
200000 200000 200000 200000 200000 200000 200000 200000 200000 200000 200000 200000 200000 200000 200000 200000 200000 200000 200000 200000 200000 200000 200000 200000 200000 200000 200000 200000 200000 200000 200000 200000 200000 200000 200000 200000 200000 200000 200000 200000 200000 200000 200000 200000 200000 200000 200000 200000 200000 200000 200000 200000 200000 200000 200000 200000 200000 200000 200000 200000 200000 200000 200000 200000 200000 200000 200000 200000 200000 200000 200000 200000 200000 200000 200000 200000 200000 200000 200000 200000 200000 200000 200000 200000 200000 200000 200000 200000 200000 200000 200000 200000 200000 200000 200000 200000 200000 200000 200000 200000 200000 200000 200000 200000 200000 200000 200000 200000 200000 200000 200000 200000 200000 200000 200000 200000 200000 200000 200000 200000 200000 200000 200000 200000 200000 200000 200000 200000 200000 200000 200000 200000 200000 200000 200000 200000 200000 200000 200000 200000 200000 200000 200000 200000 200000 200000 200000 200000 200000 200000 200000 200000 200000 200000 200000 200000 200000 200000 200000 200000 200000 200000 200000 200000 200000 200000 200000 200000 200000 200000 200000 200000 200000 200000 200000 200000 200000 200000 200000 200000 200000 200000 200000 200000 200000 200000 200000 200000 200000 200000 200000 200000 200000 200000 200000 200000 200000 200000 200000 200000
200
0 0 0 0 0 0 0 0 0 0 0 0 0 0 0 0 0 0 0 0 0 0 0 0 0 0 0 0 0 0 0 0 0 0 0 0 0 0 0 0 0 0 0 0 0 0 0 0 0 0 0 0 0 0 0 0 0 0 0 0 0 0 0 0 0 0 0 0 0 0 0 0 0 0 0 0 0 0 0 0 0 0 0 0 0 0 0 0 0 0 0 0 0 0 0 0 0 0 0 0 0 0 0 0 0 0 0 0 0 0 0 0 0 0 0 0 0 0 0 0 0 0 0 0 0 0 0 0 0 0 0 0 0 0 0 0 0 0 0 0 0 0 0 0 0 0 0 0 0 0 0 0 0 0 0 0 0 0 0 0 0 0 0 0 0 0 0 0 0 0 0 0 0 0 0 0 0 0 0 0 0 0 0 0 0 0 0 0 0 0 0 0 0 0 0 0 0 0 0 0
200
0 0 0 0 0 0 1 1 0 1 1 1 0 0 1 0 1 0 1 1 0 0 1 0 1 0 1 1 0 0 0 1 0 1 0 1 1 1 0 1 1 0 0 0 1 0 1 1 0 0 0 0 0 0 0 0 0 1 0 1 1 0 1 0 1 1 1 0 1 1 0 0 1 0 1 0 1 0 1 1 1 0 1 1 0 1 1 1 1 1 0 0 1 1 1 0 1 0 1 0 1 1 1 0 1 0 0 0 1 1 0 0 0 0 0 0 0 1 1 1 1 1 1 1 1 1 1 0 1 0 0 0 1 0 0 0 0 1 1 0 0 1 1 0 1 0 0 0 0 1 1 1 0 0 0 1 0 1 0 1 1 0 1 1 0 1 0 0 1 0 0 1 0 1 0 1 1 1 1 0 1 1 0 1 1 1 0 0 0 1 0 1 1 0 0 1 1 0 0 1
200
178577 68098 146958 19006 89152 152222 55699 122814 198931 62667 120553 183894 27973 99810 139009 94840 119706 89241 139017 151104 194064 54247 127061 199358 73050 163754 121885 100310 48892 149183 142121 63735 170421 72331 155030 80767 111099 170179 167494 99077 151579 25030 174280 1603 77451 195846 9534 143228 198017 123816 35799 192332 135032 113624 84988 178689 96008 138744 143174 132623 166996 164184 663 176524 113244 7639 1732 69147 106627 13388 137902 30543 104832 63482 123616 121084 140194 21304 106467 186358 26077 162000 146515 93660 85607 92589 164070 119620 132360 134852 55510 82392 66459 82509 84601 88971 148578 111250 87874 47128 28340 163854 163010 144474 80347 115539 27156 38107 197857 72759 105366 44479 45959 121756 192348 57147 65059 92352 98401 129238 158557 110328 50571 38794 168203 18180 21250 80863 171850 164168 178838 49398 122123 42603 195450 158515 70565 114061 147221 6697 108707 80481 28208 129567 101118 91000 180119 52968 54722 111581 109384 144289 177519 153118 87384 55789 8742 83786 54109 66466 119286 8497 153735 45768 34034 13803 49909 131903 172590 10070 104364 179725 180381 28201 114496 101807 34467 132413 38861 138907 176121 108816 170358 159663 135139 82392 92886 116913 10508 68573 26901 81914 182266 192671 122873 140529 103307 143246 147041 36105
200
158544 129600 190512 75168 164160 41472 150768 92117 75300 110691 43674 95380 24096 87599 26424 21600 31752 12528 27360 6912 25128 64592 52800 77616 30624 66880 16896 61424 129184 105600 155232 61248 133760 33792 122848 88814 72600 106722 42108 91960 23232 84458 123679 101100 148617 58638 128060 32352 117613 432 251 72 176 352 242 337 367 300 441 174 380 96 349 98521 52152 111335 48163 196261 36804 143466 91747 187462 64400 137758 108735 9917 21876 108951 92412 13265 16816 118382 65078 29612 133321 25608 129591 43031 82144 117231 94213 34710 54758 169112 194808 139424 80248 71421 141101 135815 49704 42363 176952 43259 72481 97078 164378 105104 107484 76102 152615 190259 90599 192059 178879 7313 56339 33027 55701 100219 107579 10376 145781 3909 68570 162174 18822 4805 34426 192784 53307 122626 42882 160315 12043 11204 25955 145105 14246 34170 147831 60964 150681 13971 91264 49490 116197 80742 67560 54046 182036 160252 48624 20080 119493 75879 3926 64164 171421 61294 175973 78214 105807 46024 89552 120229 28619 17911 91422 90773 105045 75763 128864 159114 54942 71804 159494 171378 125016 137290 60587 164137 196060 111076 146290 85132 158090 135525 73696 113571 60124 29647 167119 66864 36940 94546 122722 174480 166047 134481
200
134732 118522 17961 57368 128619 186047 96155 185707 130506 156184 87489 35190 156297 28026 199957 148686 5785 192805 39182 101033 184057 149625 20019 188317 58371 31341 119846 74792 101801 81397 4931 101268 11891 167070 14305 42913 192194 86154 60723 85116 48504 79571 93119 193609 156166 129797 163154 150080 94983 199572 64645 138561 68367 40882 138672 56196 130672 16724 103185 100379 121804 47806 86616 36724 198903 105610 59391 57740 189604 12254 12332 152627 93652 147400 142955 8994 139487 31692 28251 39838 149804 194464 122319 39958 82158 69940 8584 167185 176316 136383 161106 134879 58564 152759 118617 132348 116212 160504 184693 43843 81337 194178 35694 2365 134765 38602 101501 97850 30874 3570 158876 29178 111094 104389 126945 78711 47008 152054 9922 174526 190743 177894 87572 38579 54520 35890 195752 182737 196352 46204 71286 194847 127541 54339 52842 101081 601 15700 111847 67241 58388 181957 20524 45759 194609 114410 196173 71429 163300 137496 188342 120988 101591 1573 9639 192174 99855 37856 40471 82871 150248 122714 172793 82504 187158 105467 72119 122197 12715 162800 108391 29052 91033 161662 115032 199995 40668 69721 56474 63788 111590 53880 156094 154784 30562 839 68973 65026 154338 116581 11904 144804 191312 136263 79240 120033 129739 142047 71648 30302
200
199724 120770 2428 5959 108402 38388 177317 52795 195725 19665 43363 61882 158137 103680 22874 35184 169148 184472 174894 191244 34061 28627 113461 116973 1826 88868 136634 64496 103163 21224 128799 176699 20527 63585 49611 95602 96859 108115 22232 76876 66243 174026 179033 124089 81882 133465 57698 56541 158747 106415 120715 155192 133579 3082 91546 107961 98278 181513 16192 194561 29470 33749 162885 17066 82675 73138 26680 55819 188432 120644 118993 26502 71734 95194 21440 120152 176599 57799 43127 105639 61823 6223 190422 113007 144559 178561 45159 33305 165345 60115 168493 22573 26499 82709 26397 106947 85991 50980 137956 133901 13424 28738 74976 190120 13154 40849 130043 164063 194444 146483 108310 67388 130975 129889 166664 80666 141799 56698 29918 45321 130051 179578 108556 184431 60057 54109 116568 110079 88736 157151 117488 15626 182398 169466 168133 159777 100120 141201 104218 70398 129376 143036 101350 180214 111376 15813 110103 99085 137912 38643 73987 27120 11464 11259 107974 42581 189950 179008 155211 178021 27978 22813 128940 49220 157260 61846 126404 125848 36316 148141 163884 84078 186333 140309 102972 182947 87425 142314 130469 33001 17524 199107 26856 193022 9625 36139 141873 15520 29697 33910 83167 199329 146375 177760 36525 8919 164816 114773 112984 1554
200
131073 131073 131073 65537 65537 131073 131073 131073 131073 131073 65537 65537 65537 131073 131073 65537 131073 131073 65537 65537 65537 131073 65537 131073 65537 131073 65537 65537 131073 65537 131073 65537 131073 131073 131073 65537 131073 131073 131073 65537 65537 131073 65537 65537 65537 65537 131073 65537 65537 131073 65537 131073 65537 131073 131073 131073 65537 131073 65537 65537 65537 131073 131073 131073 65537 131073 131073 65537 65537 131073 65537 131073 131073 131073 65537 65537 65537 65537 131073 65537 65537 65537 65537 65537 131073 65537 131073 65537 65537 131073 131073 131073 131073 131073 65537 65537 65537 131073 65537 131073 65537 65537 65537 131073 65537 131073 131073 131073 131073 131073 131073 65537 131073 131073 131073 131073 65537 65537 131073 65537 131073 131073 131073 65537 131073 131073 65537 131073 131073 131073 131073 65537 131073 65537 65537 65537 131073 65537 65537 131073 65537 131073 65537 131073 131073 65537 131073 65537 65537 131073 131073 65537 65537 131073 65537 65537 131073 131073 65537 65537 131073 131073 65537 65537 65537 131073 131073 131073 131073 65537 131073 65537 131073 131073 65537 65537 131073 65537 65537 65537 131073 131073 131073 131073 131073 65537 65537 65537 131073 131073 65537 131073 65537 131073 131073 65537 65537 131073 131073 131073
200
1 1 1 1 1 1 1 1 1 1 1 1 1 1 1 1 1 1 1 1 1 1 1 1 1 1 1 1 1 1 1 1 1 1 1 1 1 1 1 1 1 1 1 1 1 1 1 1 1 1 1 1 1 1 1 1 1 1 1 1 1 1 1 1 1 1 1 1 1 1 1 1 1 1 1 1 1 1 1 1 1 1 1 1 1 1 1 1 1 1 1 1 1 1 1 1 1 1 1 1 1 1 1 1 1 1 1 1 1 1 1 1 1 1 1 1 1 1 1 1 1 1 1 1 1 1 1 1 1 1 1 1 1 1 1 1 1 1 1 1 1 1 1 1 1 1 1 1 1 1 1 1 1 1 1 1 1 1 1 1 1 1 1 1 1 1 1 1 1 1 1 1 1 1 1 1 1 1 1 1 1 1 1 1 1 1 1 1 1 1 1 1 1 1 1 1 1 1 1 1
200
0 0 0 0 0 0 0 0 0 0 0 0 0 0 0 0 0 0 0 0 0 0 0 0 0 0 0 0 0 0 0 0 0 0 0 0 0 0 0 0 0 0 0 0 0 0 0 0 0 0 0 0 0 0 0 0 0 0 0 0 0 0 0 0 0 0 0 0 0 0 0 0 0 0 0 0 0 0 0 0 0 0 0 0 0 0 0 0 0 0 0 0 0 0 0 0 0 0 0 0 184554 190769 160905 44325 95361 71614 179475 86428 106764 34050 102577 190314 4299 24390 82521 155877 106294 63950 96728 174989 45311 625 150208 13450 11625 102840 152502 74441 16738 42499 59335 3614 12496 482 155779 157813 20596 143174 164374 13584 24137 196452 17945 92375 32419 133918 7568 103713 50748 93355 5397 198412 195389 160438 89458 30852 18858 123283 5212 80778 79193 102758 20351 94188 128047 155666 128136 154368 194590 158642 132025 39338 167143 51124 110468 120329 145670 118491 142091 61146 14569 122039 18343 67667 44427 144426 100352 83780 181000 65242 124909 94622 176772 42245 157901 32122 28044 38481 52019 46124
200
0 0 0 0 0 1 0 0 0 0 1 0 0 0 1 1 0 0 0 0 1 0 1 1 1 1 1 0 0 1 0 0 0 1 1 1 1 0 0 1 0 1 1 0 1 1 1 1 0 0 1 0 1 1 0 1 0 0 1 1 1 1 1 0 1 1 0 1 0 0 0 1 0 0 1 0 0 1 1 1 1 1 1 1 0 0 1 1 1 0 1 0 0 0 0 1 0 0 0 0 1 0 0 1 1 1 0 0 0 0 0 1 0 0 1 1 0 1 0 0 0 1 1 0 0 0 1 0 1 1 1 1 1 1 0 1 1 0 0 1 0 1 1 1 0 1 0 1 0 0 0 0 1 1 0 0 1 0 1 0 0 0 1 0 0 0 1 1 1 0 0 0 1 1 0 1 0 0 0 0 0 0 1 0 0 0 1 1 0 0 1 0 1 0 1 0 0 0 0 1
200
131610 56990 14760 110290 410 52890 55350 14760 47150 119720 133660 88150 16400 75756 32804 8496 63484 236 30444 31860 8496 27140 68912 76936 50740 9440 41730 18070 4680 34970 130 16770 17550 4680 14950 37960 42380 27950 5200 37557 16263 4212 31473 117 15093 15795 4212 13455 34164 38142 25155 4680 91806 39754 10296 76934 286 36894 38610 10296 32890 83512 93236 61490 11440 93411 40449 10476 78279 291 37539 39285 10476 33465 84972 94866 62565 11640 88275 38225 9900 73975 275 35475 37125 9900 31625 80300 89650 59125 11000 14766 6394 1656 12374 46 5934 6210 1656 5290 13432 14996 9890 1840 94695 41005 10620 79355 295 38055 39825 10620 33925 86140 96170 63425 11800 130326 56434 14616 109214 406 52374 54810 14616 46690 118552 132356 87290 16240 97584 42256 10944 81776 304 39216 41040 10944 34960 88768 99104 65360 12160 86349 37391 9684 72361 269 34701 36315 9684 30935 78548 87694 57835 10760 110424 47816 12384 92536 344 44376 46440 12384 39560 100448 112144 73960 13760 410 236 130 117 286 291 275 46 295 406 304 269 344 321 139 36 269 1 129 135 36 115 292 326 215 40 170382 196440 40008 62323 133290
200
120879 170533 139194 84656 30932 130647 164021 43549 137566 152625 176231 26048 59994 84638 69084 42016 15352 64842 81406 21614 68276 75750 87466 12928 89397 126119 102942 62608 22876 96621 121303 32207 101738 112875 130333 19264 93555 131985 107730 65520 23940 101115 126945 33705 106470 118125 136395 20160 38907 54889 44802 27248 9956 42051 52793 14017 44278 49125 56723 8384 122067 172209 140562 85488 31236 131931 165633 43977 138918 154125 177963 26304 76032 107264 87552 53248 19456 82176 103168 27392 86528 96000 110848 16384 40986 57822 47196 28704 10488 44298 55614 14766 46644 51750 59754 8832 92664 130728 106704 64896 23712 100152 125736 33384 105456 117000 135096 19968 73359 103493 84474 51376 18772 79287 99541 26429 83486 92625 106951 15808 27621 38967 31806 19344 7068 29853 37479 9951 31434 34875 40269 5952 98604 139108 113544 69056 25232 106572 133796 35524 112216 124500 143756 21248 407 202 301 315 131 411 256 138 312 247 93 332 297 419 342 208 76 321 403 107 338 375 433 64 25435 14043 31547 146652 105923 22112 113447 149283 45394 195434 193852 89564 159351 103123 133686 160928 40698 124707 1100 194111 71997 33863 161154 133221 6943 138617 57910 74899 46337 177046 188463 16089
200
130203 5994 99234 113553 19980 12654 116217 127206 141933 6534 108174 123783 21780 13794 126687 138666 110262 5076 84036 96162 16920 10716 98418 107724 9775 450 7450 8525 1500 950 8725 9550 108698 5004 82844 94798 16680 10564 97022 106196 68034 3132 51852 59334 10440 6612 60726 66468 83674 3852 63772 72974 12840 8132 74686 81748 157182 7236 119796 137082 24120 15276 140298 153564 333 363 282 25 278 174 214 402 391 18 298 341 60 38 349 382 195599 142209 189114 173573 93274 73114 190170 55249 117542 179852 194052 160943 138457 29513 129634 182027 77666 33919 187188 150577 61498 52551 178222 899 185446 122872 155968 73357 61880 38980 125102 105582 7481 51058 34026 38290 146235 101553 148468 81195 166639 135754 43078 146586 90243 158481 69955 86496 12953 70680 188179 150859 109273 34732 2585 95180 31030 125822 196844 101363 87332 181721 125966 29742 94529 86955 10101 103588 83966 44013 184078 107050 23217 178706 172063 124912 146478 118949 190095 57754 82681 107037 121134 32382 65989 20324 34419 121445 46469 4836 76699 35251 70682 152370 61884 89119 106619 72954 82741 169372 151047 168251 25291 175022 73229 74688 38970 133035 21167 55613 127125 188277 110641 105651 97588 77053 23660 156581 45872 147153
3
65537 65537 131073
200
39204 39852 23652 30564 12960 27108 10152 29592 40716 23652 13500 67155 68265 40515 52355 22200 46435 17390 50690 69745 40515 23125 84216 85608 50808 65656 27840 58232 21808 63568 87464 50808 29000 70422 71586 42486 54902 23280 48694 18236 53156 73138 42486 24250 102366 104058 61758 79806 33840 70782 26508 77268 106314 61758 35250 56628 57564 34164 44148 18720 39156 14664 42744 58812 34164 19500 125235 127305 75555 97635 41400 86595 32430 94530 130065 75555 43125 115797 117711 69861 90277 38280 80069 29986 87406 120263 69861 39875 117975 119925 71175 91975 39000 81575 30550 89050 122525 71175 40625 58080 59040 35040 45280 19200 40160 15040 43840 60320 35040 20000 100188 101844 60444 78108 33120 69276 25944 75624 104052 60444 34500 108 185 232 194 282 156 345 319 325 160 276 363 369 219 283 120 251 94 274 377 219 125 109896 64870 52628 81366 169329 42565 164059 126509 43178 159089 153180 163852 178696 38301 153117 130068 162890 133763 79455 47378 21189 54763 173152 179919 47791 156753 58655 135372 24282 185531 91974 101827 66627 185712 43311 170191 66422 164696 152137 72800 69343 151803 58990 49712 14799 4915 6728 108605 184007 187905 160879 191740 48129 58657 32618 109249 116306
200
34435 37830 12610 43165 33465 9506 34823 16199 31331 10650 11700 3900 13350 10350 2940 10770 5010 9690 157265 172770 57590 197135 152835 43414 159037 73981 143089 22365 24570 8190 28035 21735 6174 22617 10521 20349 136675 150150 50050 171325 132825 37730 138215 64295 124355 45085 49530 16510 56515 43815 12446 45593 21209 41021 24850 27300 9100 31150 24150 6860 25130 11690 22610 127445 140010 46670 159755 123855 35182 128881 59953 115957 36210 39780 13260 45390 35190 9996 36618 17034 32946 97 30 443 63 385 127 70 359 102 355 390 130 445 345 98 359 167 323 178755 185292 133358 60571 154133 197919 83823 124234 11562 78397 5046 146274 6698 81145 62242 172235 74553 120216 28667 27887 187874 11390 159030 28149 116570 31228 44979 34833 58837 147153 81458 175309 106217 147297 136198 185018 112205 28120 50270 152562 174269 87116 193607 83025 135674 181490 43447 99151 51016 140359 136396 60179 169221 106397 23088 35843 183416 163098 44641 75169 64537 54978 20778 114560 36864 77673 129485 77897 61770 34660 182066 115402 106449 56797 149363 140640 165972 105713 108933 77809 90370 65478 190778 44524 129307 60662 91448 149020 111510 25992 172464 171413 198377 100015 77254 199449 65103 132981 127757 171216 125113
