30
6
5 2 4 6 3 1
6
2 4 8 16 32 64
3
1 1 1
3
200000 200000 200000
200
0 0 0 0 0 0 0 0 0 0 0 0 0 0 0 0 0 0 0 0 0 0 0 0 0 0 0 0 0 0 0 0 0 0 0 0 0 0 0 0 0 0 0 0 0 0 0 0 0 0 0 0 0 0 0 0 0 0 0 0 0 0 0 0 0 0 0 0 0 0 0 0 0 0 0 0 0 0 0 0 0 0 0 0 0 0 0 0 0 0 0 0 0 0 0 0 0 0 0 0 62041 107492 43443 38169 101188 197102 92015 50521 3813 194314 70811 36270 160641 122039 45244 105833 123964 140486 143307 84702 188944 198776 162860 113539 157063 101217 26218 183016 169041 50216 60642 95006 15271 154809 81588 139293 85293 60244 75677 63701 33639 41115 17635 116954 194419 77129 9310 93601 52772 92483 107735 33322 137127 24499 178897 190792 17695 110545 169175 32912 90766 149808 194669 146233 173504 63718 124690 60748 176219 179721 73681 28579 169312 3171 167942 43038 12705 72446 128260 13487 132720 86169 142628 24530 105832 109259 56000 119634 31503 44913 26159 50667 66706 156959 168612 110495 52564 107329 41398 35853
200
0 0 1 1 1 0 0 0 1 1 0 1 0 0 1 0 0 1 1 0 0 0 0 0 1 0 0 0 1 1 1 1 0 0 1 1 1 1 0 0 1 1 1 0 0 1 0 1 1 1 1 0 1 1 0 1 0 0 0 0 1 1 0 1 1 0 1 0 0 0 1 0 1 1 0 1 0 0 1 0 0 0 0 0 1 1 0 1 1 0 0 0 0 1 1 1 0 1 1 1 0 0 1 1 0 0 0 1 1 1 1 1 1 1 0 1 0 1 1 0 0 1 1 0 0 0 1 1 0 0 0 0 1 0 1 1 0 1 0 1 0 1 1 0 0 1 1 0 1 0 0 0 0 1 1 1 1 0 0 0 0 0 0 1 1 1 1 1 1 0 1 1 1 0 1 1 0 0 1 1 0 1 1 1 1 1 0 1 0 1 1 0 0 0 0 1 1 1 1 1
200
172284 175930 75850 20743 37430 159797 6469 21 83500 176607 70458 119839 158395 137371 143318 157187 109535 44463 184310 76545 75794 156040 109619 169005 185548 4750 199670 145294 116975 85267 42604 179152 128560 174909 31403 155767 40943 12224 197471 7118 26746 156489 71013 118609 54270 75806 23550 6039 186773 5161 36399 101950 17381 43953 199310 171147 78665 171189 9039 128554 162028 157171 181244 67239 136985 127835 33603 66510 177555 179309 14076 111968 122879 141213 20966 179917 121756 123326 36766 140855 76633 741 3943 174703 49857 66165 48020 39440 193808 21012 15932 171844 123589 51699 27366 168040 6691 68334 121430 1780 106069 97625 112257 67133 16597 50739 64678 74828 57410 64515 144856 46186 108064 122301 47824 83048 74148 142088 141974 99502 195487 179985 85534 195105 145866 115643 77928 108052 13202 165682 126366 100083 107390 194525 4891 134058 49775 133311 86826 140027 146628 4786 8533 13411 193169 21658 171008 169824 43326 179324 166141 169880 119786 107959 4063 9419 188352 176335 163926 140531 135898 127363 138942 158587 55086 23507 171892 12544 41773 164780 83902 139356 31665 96478 3684 191323 86367 123799 84968 40593 196603 78703 91487 195774 90291 196509 17984 46173 68678 137991 65545 91987 8224 36050 51620 157786 183119 10140 65271 84124
200
19936 23407 13973 6319 30260 18156 37825 64288 75481 45059 20377 97580 58548 121975 74592 87579 52281 23643 113220 67932 141525 59808 70221 41919 18957 90780 54468 113475 42560 49970 29830 13490 64600 38760 80750 8960 10520 6280 2840 13600 8160 17000 86240 101255 60445 27335 130900 78540 163625 89 287 333 267 190 40 385 224 263 157 71 340 204 425 140724 108314 177352 102633 105773 11117 148446 83612 172875 57828 138918 27806 24040 42146 57986 185689 28048 112579 68211 52715 7352 153628 51460 12787 126056 117643 68056 59947 131838 107506 6096 71343 63117 18301 15866 188575 114712 93546 43760 138637 155428 196665 17338 182714 117807 196413 144643 79515 178573 41689 2957 82288 125693 117336 126251 8445 23415 150365 45794 33067 93531 39875 127192 85910 32604 176582 84834 67974 28399 107183 186991 94583 28010 41295 34783 101532 147440 65341 35094 66640 156698 28070 172475 92609 97780 47199 124130 151645 44965 80566 38396 72666 138205 141565 167153 13729 188238 25543 79007 159406 181799 140276 47437 173109 25800 12807 56820 7737 182329 130380 134332 144532 52942 29324 106123 161519 162169 119889 59939 30984 114390 159746 139918 158512 64070 2562 124694 193920 59251 13808 122490 105619 39922 165160 34738 79437 549
200
49302 49302 107811 73359 18117 71874 28512 77517 51975 123255 297 27324 17430 17430 38115 25935 6405 25410 10080 27405 18375 43575 105 9660 68558 68558 149919 102011 25193 99946 39648 107793 72275 171395 413 37996 7138 7138 15609 10621 2623 10406 4128 11223 7525 17845 43 3956 17430 17430 38115 25935 6405 25410 10080 27405 18375 43575 105 9660 9628 9628 21054 14326 3538 14036 5568 15138 10150 24070 58 5336 29216 29216 63888 43472 10736 42592 16896 45936 30800 73040 176 16192 51792 51792 113256 77064 19032 75504 29952 81432 54600 129480 312 28704 46646 46646 102003 69407 17141 68002 26976 73341 49175 116615 281 25852 23240 23240 50820 34580 8540 33880 13440 36540 24500 58100 140 12880 15936 15936 34848 23712 5856 23232 9216 25056 16800 39840 96 8832 29880 29880 65340 44460 10980 43560 17280 46980 31500 74700 180 16560 297 105 413 43 105 58 176 312 281 140 96 180 166 166 363 247 61 242 96 261 175 415 1 92 100539 192763 161769 104769 61791 91818 178207 131725 192660 98166 8291 148833 52237 78092 86199 112202 129755 157406 179642 137640 11502 182668 182405 131862 121707 111457 162449 20025 117715 28390 14102 92829
200
145350 91375 140250 136850 137700 131750 171275 42925 124100 147050 55675 86868 54610 83820 81788 82296 78740 102362 25654 74168 87884 33274 136116 85570 131340 128156 128952 123380 160394 40198 116216 137708 52138 146034 91805 140910 137494 138348 132370 172081 43127 124684 147742 55937 98154 61705 94710 92414 92988 88970 115661 28987 83804 99302 37597 140904 88580 135960 132664 133488 127720 166036 41612 120304 142552 53972 342 215 330 322 324 310 403 101 292 346 131 43092 27090 41580 40572 40824 39060 50778 12726 36792 43596 16506 117990 74175 113850 111090 111780 106950 139035 34845 100740 119370 45195 19494 12255 18810 18354 18468 17670 22971 5757 16644 19722 7467 98838 62135 95370 93058 93636 89590 116467 29189 84388 99994 37859 425 254 398 427 287 412 1 126 345 57 289 342 215 330 322 324 310 403 101 292 346 131 186048 92748 117595 114914 104058 162509 24555 192915 97467 170999 9101 59995 67371 26822 106430 93248 155277 171330 85789 69983 33961 9953 115741 129428 24575 107499 99834 178671 19804 149768 129970 171920 158640 158750 87132 95343 13393 105861 157171 114877 59589 82146 59852 141708 24765 43473 16481 52752 158778 130286 168922 119977 14962 88140 57099 50374 60313
200
32880 35040 43440 14160 7920 10080 27120 104120 110960 137560 44840 25080 31920 85880 36990 39420 48870 15930 8910 11340 30510 99736 106288 131768 42952 24024 30576 82264 11234 11972 14842 4838 2706 3444 9266 98366 104828 129958 42362 23694 30156 81134 104394 111252 137922 44958 25146 32004 86106 120 380 135 364 41 359 381 274 292 362 118 66 84 226 4809 185077 22001 24094 188616 189085 86339 78740 97219 40501 33756 94013 80571 169739 64835 121946 62669 127910 66232 26068 69656 122705 96570 80784 16271 98892 158359 60481 144888 166164 104161 27176 131145 142186 119595 152520 51049 122744 27245 37181 172073 102650 172811 59050 130816 133101 135005 134280 190505 141337 68252 128655 55949 24286 194098 113259 195517 106193 38295 9775 90965 66771 56404 48038 180574 81331 196433 153587 196592 62071 68959 150147 25109 190118 171343 108737 183670 148618 99354 107348 57231 146323 190669 59314 122321 8298 53148 95377 96157 16513 14535 160723 142288 110002 160587 81631 121113 178098 190305 58433 54310 194584 81139 1288 192146 106999 18599 187531 152593 130857 86119 183553 42267 195130 91833 90477 122272 116983 145623 10669 82651 50527 62741 119387 177473 182444 55641 177099 90802 105660 90597 178807 68474 145417 94667 91217 93903
200
50184 21894 37884 42066 38991 33702 33702 1722 15498 159120 69420 120120 133380 123630 106860 106860 5460 49140 109344 47704 82544 91656 84956 73432 73432 3752 33768 164016 71556 123816 137484 127434 110148 110148 5628 50652 151368 66038 114268 126882 117607 101654 101654 5194 46746 34272 14952 25872 28728 26628 23016 23016 1176 10584 121992 53222 92092 102258 94783 81926 81926 4186 37674 80784 35244 60984 67716 62766 54252 54252 2772 24948 117912 51442 89012 98838 91613 79186 79186 4046 36414 123 390 268 402 371 84 299 198 289 408 178 308 342 317 274 274 14 126 50299 198890 180647 58329 198911 165468 52903 160444 125050 73547 198908 146240 81236 67003 57474 21268 199495 130487 78440 118360 72285 97319 80775 12961 118615 86904 175270 108741 110712 77664 104172 117722 58767 176457 26108 94906 108619 184586 149067 19798 70047 156045 185600 86469 170757 143117 186586 94468 5310 51475 188970 69240 185212 118350 125829 45515 167150 36080 5016 198815 90789 108404 130737 155300 186796 503 10116 52989 49416 16338 164385 109253 64570 164858 2064 157999 141024 90079 60701 124628 84333 64908 86558 80324 117987 163844 120919 74916 171693 92134 155491 4111 198038 183844 84199 59510 140425 100202 27517 141416 78922
200
1 1 1 1 1 1 1 1 1 1 1 1 1 1 1 1 1 1 1 1 1 1 1 1 1 1 1 1 1 1 1 1 1 1 1 1 1 1 1 1 1 1 1 1 1 1 1 1 1 1 1 1 1 1 1 1 1 1 1 1 1 1 1 1 1 1 1 1 1 1 1 1 1 1 1 1 1 1 1 1 1 1 1 1 1 1 1 1 1 1 1 1 1 1 1 1 1 1 1 1 1 1 1 1 1 1 1 1 1 1 1 1 1 1 1 1 1 1 1 1 1 1 1 1 1 1 1 1 1 1 1 1 1 1 1 1 1 1 1 1 1 1 1 1 1 1 1 1 1 1 1 1 1 1 1 1 1 1 1 1 1 1 1 1 1 1 1 1 1 1 1 1 1 1 1 1 1 1 1 1 1 1 1 1 1 1 1 1 1 1 1 1 1 1 1 1 1 1 1 1
200
19006 48974 80185 167576 98793 177841 152787 176857 118092 142658 49205 105313 157712 190707 4881 138451 194850 170825 78155 30994 81655 139684 3964 188816 41733 90384 65719 10192 197944 89847 127075 63180 42143 133263 62464 15455 71751 15205 24562 70325 75331 161556 71654 8550 29865 24872 20617 180952 165549 142255 128032 113229 92125 63370 194050 15089 21415 186419 5842 25463 196331 189868 180424 191240 78745 116985 183488 27775 162746 113583 91036 48079 185990 174623 167313 41973 82185 188890 115404 43376 73702 108129 147456 52839 193658 64741 127691 132786 143387 169893 161960 178466 186801 177442 145180 68424 93605 110967 166617 85720 159230 180695 35112 10523 15156 113745 180110 30552 46364 127657 49623 3300 174886 52496 161632 14161 199440 194132 34371 25548 154604 10344 4504 32471 162329 51060 11217 117056 157232 139284 189155 168466 82541 56320 39598 11732 92018 145410 167679 74394 164577 88233 140929 122619 64120 91039 42081 138151 136726 140809 169204 35886 99145 176475 55570 151519 111276 195317 147567 182911 52259 195353 53526 91118 93854 190860 73735 170566 88909 132608 1780 45333 41952 198566 119565 98963 149819 172816 19750 69778 73859 174351 162119 10967 111900 44859 150197 66791 107295 48154 142212 173720 103220 10749 103990 33801 100145 81860 27275 116543
200
28215 33535 12920 38950 6555 41325 31730 24700 13680 104841 124609 48008 144730 24357 153555 117902 91780 50832 112860 134140 51680 155800 26220 165300 126920 98800 54720 7425 8825 3400 10250 1725 10875 8350 6500 3600 14850 17650 6800 20500 3450 21750 16700 13000 7200 112563 133787 51544 155390 26151 164865 126586 98540 54576 13068 15532 5984 18040 3036 19140 14696 11440 6336 15444 18356 7072 21320 3588 22620 17368 13520 7488 62073 73777 28424 85690 14421 90915 69806 54340 30096 95 353 380 25 50 379 44 52 209 297 353 136 410 69 435 334 260 144 153066 133402 97318 66727 113274 59097 28283 148916 9414 61661 85991 85775 88664 171002 158839 106001 133756 103477 73236 85113 46158 119141 172826 18886 22027 120573 102725 194465 20017 69958 131763 50108 96737 194690 73885 55876 31257 16813 66861 170772 138230 104154 101647 146856 107513 78808 174586 198174 142242 159749 15450 73465 44364 82285 183106 175173 136710 79592 47400 115899 176252 99078 16556 38938 134925 123026 145002 4649 124850 151099 160133 10875 148785 118612 42810 102575 187907 66003 29027 54511 106889 109152 29407 53157 12621 144208 162368 50659 126627 178314 82118 155799 75754 30708 187668 80252 31415 173576 53316 240 117707
200
0 0 1 0 0 0 0 0 1 0 0 0 1 0 0 1 0 0 0 1 0 0 0 1 0 0 0 0 1 1 0 0 1 0 0 1 0 0 0 0 0 1 0 0 1 0 1 1 1 0 1 1 0 1 1 0 1 0 1 1 1 1 0 0 0 0 0 1 0 0 1 0 1 0 1 1 0 1 0 0 0 1 1 1 1 0 1 1 0 0 0 0 0 0 0 1 0 1 1 1 0 0 0 0 1 0 1 0 0 0 1 1 0 0 0 0 0 1 1 0 0 1 1 1 0 0 0 0 1 1 0 1 0 1 1 1 0 0 0 0 1 0 1 0 0 1 0 1 1 1 1 0 1 1 0 1 0 0 0 0 1 0 0 0 0 0 1 1 1 1 1 1 1 1 0 1 1 0 0 0 0 1 0 1 1 0 1 1 1 1 0 1 0 1 1 0 1 1 0 0
200
200000 200000 200000 200000 200000 200000 200000 200000 200000 200000 200000 200000 200000 200000 200000 200000 200000 200000 200000 200000 200000 200000 200000 200000 200000 200000 200000 200000 200000 200000 200000 200000 200000 200000 200000 200000 200000 200000 200000 200000 200000 200000 200000 200000 200000 200000 200000 200000 200000 200000 200000 200000 200000 200000 200000 200000 200000 200000 200000 200000 200000 200000 200000 200000 200000 200000 200000 200000 200000 200000 200000 200000 200000 200000 200000 200000 200000 200000 200000 200000 200000 200000 200000 200000 200000 200000 200000 200000 200000 200000 200000 200000 200000 200000 200000 200000 200000 200000 200000 200000 200000 200000 200000 200000 200000 200000 200000 200000 200000 200000 200000 200000 200000 200000 200000 200000 200000 200000 200000 200000 200000 200000 200000 200000 200000 200000 200000 200000 200000 200000 200000 200000 200000 200000 200000 200000 200000 200000 200000 200000 200000 200000 200000 200000 200000 200000 200000 200000 200000 200000 200000 200000 200000 200000 200000 200000 200000 200000 200000 200000 200000 200000 200000 200000 200000 200000 200000 200000 200000 200000 200000 200000 200000 200000 200000 200000 200000 200000 200000 200000 200000 200000 200000 200000 200000 200000 200000 200000 200000 200000 200000 200000 200000 200000 200000 200000 200000 200000 200000 200000
200
55746 3912 22657 42054 50204 54279 24450 38794 47922 47759 72372 132354 9288 53793 99846 119196 128871 58050 92106 113778 113391 171828 57798 4056 23491 43602 52052 56277 25350 40222 49686 49517 75036 124146 8712 50457 93654 111804 120879 54450 86394 106722 106359 161172 58824 4128 23908 44376 52976 57276 25800 40936 50568 50396 76368 42408 2976 17236 31992 38192 41292 18600 29512 36456 36332 55056 1368 96 556 1032 1232 1332 600 952 1176 1172 1776 2736 192 1112 2064 2464 2664 1200 1904 2352 2344 3552 149112 10464 60604 112488 134288 145188 65400 103768 128184 127748 193584 96444 6768 39198 72756 86856 93906 42300 67116 82908 82626 125208 35568 2496 14456 26832 32032 34632 15600 24752 30576 30472 46176 163 387 169 363 172 124 4 8 436 282 104 342 24 139 258 308 333 150 238 294 293 444 114044 72029 175428 63946 93743 11091 137866 26858 27175 77926 163419 102103 81977 48393 180509 132372 193801 11942 39724 50982 114673 137623 160318 44253 103317 120949 76432 74415 3232 169211 42108 9858 67720 65610 19706 16224 119862 185262 159387 185474 26171 159944 1890 37053 95104 116582 119064 64355 175806 111480 1766 88063 149581 189720 103006 15228 30117
3
65537 65537 131073
200
134013 151643 183018 177359 73128 1367 111566 170191 131797 70406 108351 32962 139218 4089 177708 70226 10130 32570 103595 199928 12403 163667 132047 168207 102379 131322 180865 45823 160016 69049 178176 31162 175499 143919 125552 182601 76241 87006 6478 102858 55986 197279 6770 172650 72590 45201 167244 39995 114040 81694 82964 49429 1210 45961 118557 151800 168418 72761 121428 179297 92556 78600 15988 110664 72891 140403 122074 79587 132337 15984 136805 119264 187639 43308 9607 128705 167208 23250 241 152615 25751 42403 116061 67393 28159 196370 56843 23420 198532 96373 165565 148544 117568 130610 164978 11075 195655 40085 47390 26917 117063 152450 14194 13809 75072 183474 33397 176317 28519 14228 46743 156492 81820 13461 85586 34418 2568 43402 116293 43756 736 114063 49159 59775 187167 45200 58570 49742 167182 34314 25676 171425 192419 24961 24656 159023 188335 89470 26864 68595 104012 173654 52053 7803 84285 31538 19499 64737 82211 74246 141083 67324 134078 133012 189262 83409 176671 186798 84579 167107 136514 168182 172948 61734 118010 187944 88571 81220 103303 80701 148090 77601 4009 44261 89940 64032 166173 117396 113760 196987 141364 95091 151945 69938 25619 142280 95310 185322 3738 194730 90101 96980 134580 110953 2295 42818 196809 198083 29506 85046
200
179957 41986 43988 41671 121338 47016 111378 180165 45440 171992 115294 197303 41882 101409 112688 55004 196413 72854 149435 178406 78193 199182 135135 186832 145428 135839 108745 75492 129187 139086 185084 44499 113296 116958 182307 114367 143998 46535 169882 92203 105793 106978 56150 96214 197129 143735 144694 154089 6682 20413 57595 85861 50755 17836 195275 18391 85693 102860 73309 46643 120632 135809 13425 157481 183936 46318 55262 133749 118322 4112 73827 34973 51080 7670 121242 193471 61226 187905 71865 78671 177758 124110 71628 124341 44094 155265 89193 91729 140102 128791 155287 132528 39849 90700 158904 89700 105158 89562 168469 141095 63628 10222 45862 153840 91404 122374 27843 75958 194481 96233 85163 102308 161994 136661 111626 102933 162691 97607 189725 180850 68602 198555 128875 171512 140488 101278 115646 134596 93770 139330 159985 107957 80357 66050 57412 5355 19319 115392 125238 138165 126060 84400 60304 1346 197243 168206 157113 107504 96211 157581 149375 7706 87688 135665 83146 72741 173513 59437 1448 151461 5620 92224 122791 22656 101793 67875 85454 197486 167118 46014 7137 107608 88540 161096 131721 35010 56373 49681 67999 147821 31504 13334 68070 118801 191719 37196 144290 181479 38674 67333 124354 15649 90607 102444 169907 54085 49298 167091 64124 55981
200
0 0 0 0 0 0 0 0 0 0 0 0 0 0 0 0 0 0 0 0 0 0 0 0 0 0 0 0 0 0 0 0 0 0 0 0 0 0 0 0 0 0 0 0 0 0 0 0 0 0 0 0 0 0 0 0 0 0 0 0 0 0 0 0 0 0 0 0 0 0 0 0 0 0 0 0 0 0 0 0 0 0 0 0 0 0 0 0 0 0 0 0 0 0 0 0 0 0 0 0 47451 17513 186910 199858 2896 128830 144366 145594 192912 105563 42621 62345 144881 198389 163229 183411 102658 178114 181473 71167 25918 90818 99103 137191 61946 120515 58605 159009 150761 31553 196597 156358 22471 86181 9329 42565 20742 18627 98356 143152 133412 113298 115669 139148 172095 169475 97633 19597 80114 43859 191585 145161 66155 10052 49896 134801 72360 30360 100875 132716 159490 89348 179415 81989 187511 85626 97009 52729 98725 83423 35287 93226 7596 164305 112484 12337 133734 84910 15795 43791 19106 157041 47953 24090 134697 28771 8202 171013 169994 138110 80872 33802 120225 89098 68766 148823 50560 48829 139634 162633
200
35074 60478 124572 15153 65161 194998 92837 137120 125059 85032 32548 16205 94986 126685 22973 156504 95883 167912 153957 76559 58910 171457 140056 52250 77037 71601 457 36937 76790 153618 68865 106996 158958 167282 93000 47675 81946 104127 28342 116357 25282 122358 99136 3673 121619 109380 101534 94765 26192 118023 14933 47800 181682 64898 12738 44774 147971 18595 95079 48168 81016 132377 86808 108334 164987 27087 103755 23887 184 100624 75005 42656 142418 138345 21611 180441 48411 161665 61167 89261 183923 176877 3128 129151 185534 174208 108365 109859 149106 35271 145768 2289 18598 65656 85425 41237 43892 133226 95444 121911 104514 197260 90525 65080 112429 87164 120121 192930 142476 109721 129038 26535 61945 112130 78648 32881 164526 170149 157372 199846 163109 139577 41914 85905 185180 73320 74073 195818 5853 134532 194949 191627 145509 141703 56897 92081 168221 157335 190554 77430 141544 138932 170523 195782 123213 34859 182967 112169 9993 98848 82208 3000 121872 17668 178663 143286 21296 50368 145331 182358 32431 81107 20066 41007 72373 3197 132706 48591 183535 170696 65 7554 28689 69310 21087 32781 82078 90684 47209 60261 142616 74387 106571 198402 57206 3530 131494 34882 42021 99339 185810 199825 122281 5744 128229 50421 30071 192565 179685 119446
200
101957 52195 184039 154166 92873 86143 31713 81172 44737 110250 186277 123752 65702 83349 104858 88721 117503 143744 97969 156399 79270 181923 190654 59416 5538 1267 113170 1739 63592 123949 105768 18039 148858 113207 63924 149814 192097 190236 91499 116693 195430 142411 76196 193470 22127 94188 152807 15485 178890 18503 81854 54448 81213 34285 28424 32939 20210 195541 72393 179046 70098 112963 182954 162329 81854 129969 18882 98886 103681 154175 113270 139543 62696 45769 48316 115665 153843 115124 142046 124367 150686 178322 197632 88046 34055 161943 91224 170928 163610 180116 69513 112133 158856 93486 52325 18645 154975 186930 108576 138470 21607 88508 44796 36752 95727 153081 144686 65059 168050 137395 46462 143297 181257 63166 143661 141536 68067 82822 27522 109201 174224 25331 35029 166039 93491 63688 6113 141651 184821 111442 40004 29030 73233 29137 102170 14950 145334 113200 51442 117525 118144 85348 175085 63135 159931 158543 109444 63346 73546 171272 176823 85501 18195 151028 193811 76619 51943 137765 89389 73761 28159 78959 69703 143145 67094 145950 101161 107893 196178 69787 17588 123948 9183 146981 195749 51551 89224 156058 173663 162326 119394 179354 46775 12622 106613 182942 175119 19729 12786 54854 181337 86664 167619 45222 67745 173655 4909 177315 50884 21730
200
63761 189060 162578 147750 136451 90718 125007 78856 190843 148666 4018 142023 167696 15759 122184 159561 181267 197369 90341 193405 25354 64962 195656 55847 64398 143891 167319 80886 25275 34958 93536 83443 18266 15870 199003 55133 159838 110009 106540 54210 81078 195646 43926 96497 175452 70103 111855 33227 79181 123927 145066 13128 78298 94488 67607 64376 159451 110447 167122 46205 15023 154283 45663 199543 102973 91890 119540 28368 21569 104587 45032 18773 15370 110037 89974 13849 20651 159118 122182 13484 175405 6643 15035 110808 57557 169904 21468 52450 189798 110686 159659 66325 135074 189339 104806 131303 58396 130731 91780 147463 11513 61246 155212 195864 31488 45935 44539 187548 96499 30650 159933 24657 192554 197559 128436 87321 34703 62619 79152 120621 161293 132782 141689 83551 38786 39290 157893 135696 173963 134291 106981 159705 61211 122852 199935 112516 174788 84038 128525 65167 191304 39738 199179 81769 189957 19986 144076 66543 42795 66686 124780 165519 167218 58800 141127 167133 25952 144255 39236 171041 52808 23883 159506 162154 9692 28306 198305 147346 57204 18286 101323 1658 49645 185060 62944 10378 39610 66382 179590 184674 8337 64045 168995 151533 125232 165714 78052 197469 112168 23759 123767 134102 46225 50691 139954 45895 198992 192799 7860 94370
200
0 0 0 0 0 0 0 0 0 0 0 0 0 0 0 0 0 0 0 0 0 0 0 0 0 0 0 0 0 0 0 0 0 0 0 0 0 0 0 0 0 0 0 0 0 0 0 0 0 0 0 0 0 0 0 0 0 0 0 0 0 0 0 0 0 0 0 0 0 0 0 0 0 0 0 0 0 0 0 0 0 0 0 0 0 0 0 0 0 0 0 0 0 0 0 0 0 0 0 0 0 0 0 0 0 0 0 0 0 0 0 0 0 0 0 0 0 0 0 0 0 0 0 0 0 0 0 0 0 0 0 0 0 0 0 0 0 0 0 0 0 0 0 0 0 0 0 0 0 0 0 0 0 0 0 0 0 0 0 0 0 0 0 0 0 0 0 0 0 0 0 0 0 0 0 0 0 0 0 0 0 0 0 0 0 0 0 0 0 0 0 0 0 0 0 0 0 0 0 0
200
70808 38243 33066 49599 71977 19873 48096 45090 62959 49098 36888 19923 17226 25839 37497 10353 25056 23490 32799 25578 66144 35724 30888 46332 67236 18564 44928 42120 58812 45864 70808 38243 33066 49599 71977 19873 48096 45090 62959 49098 159000 85875 74250 111375 161625 44625 108000 101250 141375 110250 63600 34350 29700 44550 64650 17850 43200 40500 56550 44100 88192 47632 41184 61776 89648 24752 59904 56160 78416 61152 2120 1145 990 1485 2155 595 1440 1350 1885 1470 91160 49235 42570 63855 92665 25585 61920 58050 81055 63210 108120 58395 50490 75735 109905 30345 73440 68850 96135 74970 167 87 156 167 375 150 208 5 215 255 424 229 198 297 431 119 288 270 377 294 148155 135331 113028 70774 187226 179732 45135 50667 71156 188075 42885 51938 196014 85077 975 193821 79192 161203 57613 69606 75795 62463 177387 163452 61860 5563 189595 21441 8027 21523 16117 56122 50235 116159 141121 1087 150399 148886 162610 187924 164104 115253 5257 187274 174642 18344 26529 179325 103238 2925 187459 190242 39748 165274 179113 54222 13793 2038 41233 66172 106383 188670 62330 55802 149334 66210 154888 192213 118303 43838 7994 147637 124272 106609 53123 113098 98783 150504 47875 109826
200
86503 135279 55347 186180 33193 178106 172110 29108 122684 8774 87676 41679 18175 106272 176495 68840 105004 55697 70696 130242 105046 187765 75440 21135 140464 75752 146994 181446 8328 144134 146239 197401 168757 8501 191946 67162 14598 127631 183699 9569 36083 89271 189015 189547 157044 198039 78339 63070 32656 127732 23770 70552 60795 69763 84973 147780 138915 143824 90450 154912 63278 19262 140075 177594 146735 172975 148133 113309 46117 192697 72674 167677 104455 361 94470 46915 121292 37086 140583 160329 81028 9770 38897 12266 177102 155094 85984 13668 144386 739 126728 1461 149313 36184 99197 166455 127979 114614 145539 166846 57201 195148 72089 133496 57929 113448 128996 7738 31341 45218 31147 199847 24990 143413 49488 50343 27519 102896 178525 117132 189739 44134 182076 154153 153281 145632 19957 108892 71756 187248 48041 115839 179570 36825 126529 15383 19552 128009 100222 6355 169816 105516 116748 16511 45835 174371 43941 151778 30100 42403 2677 175444 1879 89935 155223 165597 8782 77575 154036 180921 35145 30338 73569 64950 106367 37195 184096 180335 106115 97905 172181 142497 199007 7679 75447 199848 146343 80296 193509 139307 167395 173334 135419 36399 11114 173405 42320 142285 198287 58538 76918 156685 11037 133725 85263 117555 195595 17829 34983 77479
200
42582 40895 106482 137653 24498 1750 144721 86634 75968 197967 185196 85327 53317 130978 177467 76314 137087 161284 71939 2565 10394 118055 154552 194397 114148 155147 65336 46278 149259 78723 77778 114935 67196 82027 115123 90082 195043 28357 192654 108133 147659 34938 95273 166447 185815 182170 123100 118970 52483 156460 179785 134085 167894 187988 174899 45181 167218 70014 170362 187266 59836 30140 84874 198854 171768 162421 10774 167035 86312 101621 199098 168368 181102 170719 11268 157581 35819 167112 69623 160124 84314 123485 66790 124964 58039 170173 191410 85981 145043 49453 187308 34541 88585 85199 143224 147083 40105 90147 147451 155931 87169 167255 82567 145035 6095 181155 78305 47385 30254 90792 162640 179943 73339 55337 175570 86967 123147 184699 75970 193916 172268 191604 25167 72053 193930 109338 58750 110267 166792 172753 139143 30035 125188 117886 91610 59535 103852 195840 163181 174787 72419 12901 134135 23537 72405 44487 9747 185407 53159 78837 17529 158877 97218 2673 101961 134598 111932 170957 175780 35410 108839 89932 651 102321 130484 176261 138403 173297 154157 174456 156267 46564 126929 153056 159194 844 172720 90984 54544 138038 92770 105161 45769 107869 163992 192886 93807 85663 165688 86313 184429 159482 183900 41069 102236 42683 84477 94523 181364 10489
200
65537 65537 65537 65537 65537 65537 131073 131073 65537 65537 131073 131073 131073 131073 65537 65537 65537 131073 131073 65537 65537 65537 131073 65537 65537 65537 131073 65537 131073 65537 131073 65537 131073 131073 65537 65537 131073 131073 65537 131073 65537 131073 131073 131073 131073 131073 65537 65537 65537 65537 65537 65537 131073 65537 131073 65537 131073 65537 65537 65537 65537 65537 131073 65537 131073 65537 65537 65537 65537 65537 131073 131073 65537 131073 131073 131073 65537 65537 65537 131073 65537 131073 65537 131073 131073 65537 131073 131073 131073 65537 65537 131073 65537 65537 131073 131073 131073 65537 131073 131073 131073 131073 65537 131073 131073 131073 65537 65537 131073 65537 65537 65537 65537 65537 131073 131073 131073 65537 131073 65537 131073 131073 131073 65537 65537 65537 65537 65537 131073 131073 131073 65537 131073 65537 131073 65537 65537 65537 131073 65537 131073 65537 131073 131073 131073 131073 65537 131073 131073 65537 65537 131073 65537 131073 65537 131073 131073 131073 65537 131073 131073 131073 65537 131073 131073 131073 131073 131073 65537 131073 131073 65537 65537 65537 65537 65537 65537 131073 65537 131073 65537 131073 131073 65537 65537 131073 131073 131073 131073 65537 65537 65537 131073 131073 131073 65537 65537 65537 65537 65537
