100
3 2 4
3 2 9
1 5 2
22 5 938744898107
2 100 353414451810
21 72 124055460919
16 65 320044052622
26 8 664482694756
14 42 982917816798
8 52 975824028459
20 43 951755996276
2 97 246701972592
2 100 102273908761
22 52 36131456171
25 58 964408839212
5 10 7323
2 100 96234111004
10 7 407500436222
17 38 282712007957
1 75 916653006716
10 51 952117244171
20 49 905336519955
9 60 853877482690
17 50 648483485917
3 3 16
1 1 2
12 25 614348865352
15 54 904034538267
14 22 505469044115
5 58 888800703332
2 91 492055908031
22 45 835341161935
12 55 951868701927
3 18 6851
1 100 100
6 2 398518589679
1 99 1000000000000
10 60 957968655669
1 5 3
26 1 3
2 99 972261598251
11 82 723416684074
5 73 139858868460
3 57 996353647652
2 93 33991009654
4 59 985036620776
2 100 3121207
10 5 861394071962
25 18 662622735813
1 1 1
10 13 386876221831
15 50 883183311338
8 40 856527588118
26 1 1
16 2 957936450207
2 100 549755813913
10 15 505032618739
15 14 204482853431
8 78 152622688234
3 2 7
10 10 922690976774
2 95 881610187383
11 85 419712590564
26 100 1000000000000
26 48 799833723973
17 30 365385295986
1 44 809747354887
2 100 3196059683
9 94 521671573856
3 5 51
3 3 97843
9 43 946720076151
10 92 906895318297
6 94 568529488188
2 100 1000000000000
1 5 5
2 92 408545080018
3 72 540226936656
3 15 1015
11 57 24644000227
15 16 743101291307
15 51 795315352963
21 4 396056872273
5 10 7322
1 100 1000000000000
11 12 263934482720
2 93 925005819683
26 1 5
2 90 747462955058
2 100 3007316006
12 30 263180874667
2 100 2936890
10 8 516173287551
2 98 375579905770
5 32 294982982297
7 3 922979048956
1 77 515805053922
1 5 1
2 92 7354053067
24 23 129131415120
