100
3 2 4
3 2 9
17 48 994811704216
26 100 1000000000000
3 43 791841294332
3 48 976329042867
7 47 849128739594
18 40 65553542954
21 58 966773952521
2 90 924172668957
22 17 287891425660
3 2 7
3 3 97843
12 16 229612254988
2 99 327721276717
25 86 299345793322
5 10 7322
25 75 618376266837
21 24 226162451013
14 59 879518291991
2 92 995887955043
8 93 976955760266
1 100 100
2 93 394335456137
6 17 620265410565
3 15 1015
3 3 16
1 63 668648755786
14 54 809916447696
1 1 1
26 49 946147202929
3 13 417150757039
4 56 847407627120
3 18 6851
26 1 1
15 15 584020111589
18 41 754372411169
1 1 2
13 14 530009970827
25 19 30271213322
10 53 545367511803
2 2 845476533127
2 100 353414451810
2 100 3196059683
1 100 1000000000000
11 40 971379009139
16 60 773943655129
1 5 2
3 5 51
4 36 747843316639
2 100 102273908761
14 30 141230096290
1 5 1
1 5 5
26 1 3
23 45 339296490258
11 7 378911372320
2 96 2395132797
1 54 732161490746
4 70 625615511935
23 12 338470274494
1 99 1000000000000
6 12 404042372335
16 54 858880270756
2 99 748624141562
26 18 122234264944
2 97 397956143728
13 32 913486033931
3 5 716220619867
5 10 7323
17 95 466664033443
6 2 20737943905
2 100 3121207
2 100 549755813913
2 100 96234111004
2 100 966775754258
6 53 927542078406
14 72 844333321266
1 10 997635340837
2 100 80947586546
4 58 819545074847
2 100 2936890
9 58 836219803534
6 8 43687250985
1 45 820860631219
1 5 3
22 89 285664073640
10 95 162448652184
25 60 860912903572
23 1 320735178877
26 1 5
12 30 263180874667
2 100 1000000000000
21 42 807444987662
9 49 777721208030
26 5 169074429817
2 97 963536691037
17 2 49244213062
2 100 3007316006
11 42 848486528125
