100
3 2 4
3 2 9
26 1 1
5 40 158052052580
21 17 398149701359
26 1 3
6 58 960872809618
11 47 976543494216
1 5 1
5 10 7322
1 100 1000000000000
10 45 803167619868
1 30 544806788347
2 96 689294592526
2 98 256496660280
2 100 3121207
2 97 150889109223
22 45 772824490942
2 100 3196059683
1 5 5
9 40 840590490628
7 12 620918994249
10 4 564566893919
19 99 171847173570
2 36 760325764749
4 1 249822254137
6 16 918972354386
2 97 30691097218
18 53 817139254984
19 49 848291333090
6 73 233483865888
23 34 613023065228
17 78 876366951790
1 5 2
26 1 5
24 40 769616330005
2 100 3007316006
3 3 97843
21 43 975966491308
1 34 833492918599
2 100 96234111004
22 24 816185379719
6 41 957684299499
2 100 72703920882
5 10 7323
2 98 260171424703
3 76 503963230558
1 1 2
2 90 158715685742
11 61 299209979393
26 79 152872280484
6 92 757537613963
23 17 445365231574
1 5 3
2 93 372441120362
3 18 6851
12 58 871717278707
2 100 353414451810
22 18 212264040553
2 100 2936890
19 12 164584237764
14 60 974456444304
3 5 51
21 5 961418318277
11 47 793962968217
25 52 852178923030
2 40 853629424296
18 53 817073791092
7 48 780290494893
19 20 716501249197
17 96 91441776733
24 99 261763402760
18 19 122812807797
2 100 102273908761
2 100 549755813913
7 8 842698301465
3 2 7
2 44 789320577280
10 8 146195863199
3 15 1015
7 5 571430987767
2 96 644442591134
1 99 1000000000000
8 84 323220244754
23 11 475498498687
2 99 765700637857
1 100 100
4 10 827541376554
3 3 16
1 1 1
12 30 263180874667
5 20 637323881878
26 100 1000000000000
17 38 711223315483
2 100 1000000000000
14 86 249796337201
17 38 571214708698
15 48 900281456748
24 42 773590875007
15 44 311037311733
