100
100 1
100
10 3
20 3 15
2 5
1 10 8 5 9
2 5
784 356 564 435 134
7 5
528 494 194 172 513
245715 5
505448 14154 697537 119135 471925
912115 2
925192 844676
148637 5
96119 226894 196285 317656 140440
1000000 5
533743 511743 437851 889458 602038
1000000 5
1000000 1000000 1000000 1000000 1000000
627230 5
38423 190454 684650 722089 891355
1000000 5
686691 80304 285381 831057 905186
551686 3
855113 944206 300782
3 4
2 2 2 3
892409 3
607317 243599 899540
520682 1
44248
1 5
1 1 1 1 1
446043 3
928196 633156 987219
691398 5
922337 921004 684854 257026 95836
730964 4
654257 653715 127571 384735
1000000 1
1000000
141631 1
598839
246768 5
774877 669505 447973 387064 591841
822769 5
721026 589945 560147 535537 534567
201762 2
380973 801920
10 5
2 4 5 2 5
255911 1
585355
4 5
3 3 1 3 2
7131 4
491521 402904 52470 821104
491378 5
38088 207154 169873 21755 42241
2 5
1 1 1 1 1
956577 1
442398
2 4
2 2 2 6
68925 1
199199
7 5
1 1 1 1 1
11 5
10 5 5 5 5
650089 5
98458 39036 280197 263674 134421
739770 5
108605 404739 655493 118499 99604
668048 2
82178 357477
902109 4
964212 208581 336352 350954
339051 5
198893 360854 346257 930 22088
746285 4
501115 193942 282222 729084
1 5
1000000 1000000 1000000 1000000 1000000
3 3
1 1 100
993229 2
699788 57679
1 5
978408 915070 693048 334280 689021
295386 5
193936 393528 497813 685165 837486
10 5
101 211 374 184 194
327707 5
541177 243524 568606 877403 597497
3 5
1 1 1 1 1
6 5
1 1 1 1 1
184330 1
693295
746443 5
91607 417016 506393 507498 32204
1000000 5
232023 370017 73006 77812 383668
727304 2
736532 532274
319340 5
637743 298756 964413 785896 291604
746389 1
221153
1000000 5
1 1 1 1 1
318736 5
152029 153637 383557 400157 618471
164074 5
798735 615937 665188 992676 414510
182204 3
824733 750890 91628
1000000 1
999999
445990 5
915724 694866 636788 493543 11843
69253 3
410803 724548 336226
180640 1
166279
561613 4
968199 529200 725686 766933
1000000 5
667335 271639 907105 713185 848865
34389 4
976370 281674 756868 315490
562100 3
39018 1500 232150
393072 3
224997 739890 883542
283244 5
182846 370766 242478 145388 314347
625168 1
999338
397939 3
669963 974118 95475
969442 4
396608 214127 771361 56156
301496 5
417591 674836 905412 949460 827059
11 5
5 5 5 5 10
77604 5
645074 631801 476496 294409 205927
259199 2
232745 997674
646502 2
952009 436292
313546 5
98579 468144 528093 670051 937072
183726 2
676825 197338
539195 3
246843 441352 815155
561487 2
19585 227969
348956 5
951598 635391 968246 807575 290318
941420 1
618834
1000000 5
234029 589390 531955 41145 962543
15518 2
635872 648164
8 5
220 236 243 250 259
991635 4
958619 510619 184811 672308
856478 4
786886 52431 411865 467082
3 4
2 2 2 4
2700 5
807787 367378 108996 884285 2506
528987 3
329584 281371 678495
10 5
5 5 5 5 10
366173 5
870391 737215 736243 434244 345628
861235 5
33460 234849 384218 554282 722480
907225 1
275960
6 5
4 414 108 82 28
208682 3
944849 586060 935470
199324 2
90548 17193
