100
6 1 1000000000000000
1 1 1 1 0 100 0
6 1 -100
1 1 1 1 0 100 0
13165 10647 -231728851274661
884549819 490801289 810528900 169429694 424033722 504680011 0
500000 500000 1000000000000000
515262210 886235985 379092008 652638540 913342730 940306783 0
500000 0 -128492795282528
770790515 770790515 0 0 770790515 1000000000 0
158655 0 613636987401113
953261921 953261921 0 0 953261921 1000000000 0
500000 258565 4249790
0 10 749933796 88072321 874732511 11 0
500000 82470 -234099458152512
591819545 252826809 919146705 687819009 645012530 3625709 0
68767 1863 -566911737779430
536435426 919893549 111324483 298921143 361450663 991863295 0
243865 174662 482239123887351
250181598 564779875 213693840 328577262 944728124 31071491 0
113694 0 904923595123571
934435099 934435099 0 0 934435099 1000000000 0
500000 0 422257630372727
101979601 101979601 0 0 101979601 1000000000 0
64167 36777 -208205063850441
283827981 579739046 508915337 371044524 813323966 595443465 0
405567 215808 880386702548963
132135135 291216928 438623937 31455337 287047834 623290201 0
167485 106693 -930756152629655
420130052 694035096 910041865 43783211 336254899 424075663 0
500000 500000 1000000000000000
549730039 121677760 882352754 774670420 352938934 271089073 0
500000 125000 125000
1 0 0 1 0 2 0
389500 261091 -560937313590923
647422330 824183684 654604813 150082986 533369685 553108958 0
424593 424593 1000000000000000
856464734 59326000 180321974 182898319 171575524 467134715 0
2 0 1000000000000000
1 1 0 0 0 1000000000 0
177570 96092 -22089182128308
980815835 77353083 717434248 841916435 185796386 992025505 0
134202 104718 1000000000000000
688366981 966261109 364699835 183190658 753994995 739783169 0
500000 500000 -750987874981255
122622925 985494500 493004107 974670353 797257344 152417343 0
500000 500000 1000000000000000
334024507 768596589 983785246 972852405 630385098 568399245 0
150893 68538 506978068078157
107663253 52009772 673324818 512122185 655280115 616289835 0
8450 5716 -957179986893558
547063888 30281031 982114607 213990008 233560412 760904932 0
157214 38862 529076055886856
836973876 104191897 711346022 365148821 167214160 340204929 0
473075 41324 1000000000000000
739580530 409316151 151338964 633177261 294864107 980936519 0
426186 183823 -39048960122112
916893994 750949274 667093748 430044944 960706908 106491653 0
210990 86606 765681151734301
916805052 53866526 103487889 820558093 882480539 222050528 0
500000 396978 -530651178826575
277199002 421981619 152253052 501316781 134085407 254031803 0
500000 386715 1000000000000000
207367303 640643122 345357613 282813223 943062446 70298221 0
230597 156923 4479409955121
118621741 968114268 142665027 122935634 30335787 814076459 0
82553 28826 -252619804439949
439037884 334645500 620342356 481918036 968959701 967222281 0
334105 213991 588709486839344
594848679 902143770 347975624 370947824 663218284 472735387 0
500000 160849 4957937
10 9 595685046 478169528 41945932 11 0
500000 168214 2586545
8 9 769811880 516572289 936504228 11 0
498926 346692 135728580122363
493220526 397638011 920181980 967265713 929794642 598134271 0
2 2 1000000000000000
1 1 0 0 0 1000000000 0
384729 133318 80472973632254
340691351 835113932 475312423 577123157 76192321 21540237 0
500000 500000 519049782751561
568856500 242693149 367584155 769090916 872747812 962798367 0
146548 128350 468461254928927
89385931 827029021 208792964 131193706 776928428 878289899 0
35684 35684 1000000000000000
463693519 580271271 547573030 482009203 244171517 643558647 0
426104 197124 777848733031510
924546680 878997444 469952798 966723736 47501217 715521999 0
391241 375983 -838231157828656
827569215 837236998 914299620 318163790 729997438 394820931 0
134202 78902 406387874400086
745748891 178326232 586340790 173498379 400947733 903115823 0
207841 199912 618764394708715
401222168 461700906 6040603 478192784 647997318 300526709 0
500000 398085 1128622
3 3 63308455 980746200 335463163 11 0
274339 141115 -207513703386689
63494264 458203156 823376691 704287685 842812913 678469805 0
438180 48890 221804306100628
17292605 35730682 762152449 736173661 72457717 31507499 0
356068 8216 -737432541665250
441630595 503550158 393268493 583360485 621276751 617013237 0
500000 59942 183122978919377
302680804 165867674 925612969 845403126 419128369 39878305 0
119269 38986 -163674912802800
573607572 365011104 56895053 679408978 901243117 153158212 0
63231 12954 -948292138419673
866717563 521480007 686060865 960510319 513094805 319974565 0
148531 109806 427059073660686
768433544 689832799 303448116 774446921 878243141 591165509 0
126154 79948 -793794228126256
118004904 165612334 489659124 791043052 113278481 657507108 0
500000 366797 -51848692577581
443911124 954344606 81763411 948596745 561487770 219774369 0
500000 500000 1000000000000000
953263484 903662238 968710187 405680254 243823668 544009723 0
473075 473075 -70121018144057
998400990 17160394 14715597 63742790 993656350 987499611 0
211242 211242 1000000000000000
526129500 542925682 87500207 127448452 938668102 606843489 0
500000 0 -440639389621092
856784211 856784211 0 0 856784211 1000000000 0
180709 120870 563650731646374
114590645 693717948 755492040 878672106 534217042 891520999 0
450239 0 904211054517974
98562635 98562635 0 0 98562635 1000000000 0
204723 113416 506119227349193
883731362 839642377 678000619 603129087 843328621 595143871 0
500000 214412 4513338
0 5 776909253 392317898 146618206 11 0
500000 0 1000000000000000
1 1 0 1 0 1000000000 0
444845 280628 1000000000000000
754725341 368742690 100537072 703623173 418539891 195457715 0
318620 0 -369656141272800
67378547 67378547 0 0 67378547 1000000000 0
444845 444845 -623781369668768
424479504 479039188 558380069 159776046 126281147 657532403 0
223100 82602 -163976619189834
160043704 668153270 448284039 629859237 167155958 504856379 0
500000 500000 1000000000000000
0 0 0 0 0 1000000000 0
473075 430526 -488106943428748
514382879 167725985 440364725 555817649 968439527 609384311 0
444845 134022 -493408363296870
777655814 91551158 613528059 694460471 502367945 429451803 0
134202 134202 -458440269037398
935125339 71440941 160267528 722547000 567768007 658854485 0
500000 0 885519503253244
926037637 926037637 0 0 926037637 1000000000 0
500000 500000 1000000000000000
999999999 999999999 0 0 999999999 1000000000 0
167034 53929 -888315328480047
42739917 198189195 64220768 80896605 733254854 689556137 0
500000 12365 1000000000000000
694545780 379501868 731571540 490162255 413444891 516648541 0
295342 144137 348901932207340
898347118 67781621 671245683 831212790 241384506 556008209 0
443147 342528 -993621210070105
117928772 322494509 667078581 573551941 751920063 898903931 0
176053 148564 -810940463768008
875926000 80300242 525872335 775178566 973537770 764059127 0
146041 7756 269905672114472
323963127 105508753 370775109 283645464 783429429 557329659 0
500000 33150 725277
8 5 595349091 294442633 409561930 11 0
37433 18860 372083205870353
178792371 73690441 719428484 401677467 395813668 279254105 0
2 1 1000000000000000
1 1 0 0 0 1000000000 0
500000 213649 933245
8 10 13727843 759086728 90790275 11 0
375859 155415 -484978471790567
260703426 106950655 708188243 213572429 202342678 322267035 0
500000 360924 2505699
9 3 90297934 795032303 180646805 11 0
460545 155261 51972474668071
242810006 318413224 248793397 325817831 702319307 350237217 0
500000 357934 1000000000000000
668416632 657998528 373745600 89299982 556701499 281546795 0
500000 500000 96722853477801
709784938 52468140 46002733 569546776 198009967 732299899 0
500000 500000 480289178180185
953073434 581320779 907339568 847135257 722219119 506280209 0
482588 482588 1000000000000000
220181721 707214601 95771085 144082537 443628970 304761685 0
115673 70014 -852505121862908
116546659 507857165 555549949 366913633 471737224 856108007 0
167034 167034 756894202148007
642019806 922757246 759522964 73690522 202558761 657363333 0
500000 240214 1000000000000000
626420201 806248733 214393390 335263352 686142176 180634031 0
167034 23492 1000000000000000
140122756 167242682 145907496 800294875 463974721 528659123 0
205941 97778 -173463706675338
881637229 57664166 750202055 96960736 63539811 192082551 0
64672 10471 848882649086132
272565076 180715882 463905174 17249098 783961741 877506441 0
125665 34976 -977518115197422
179947473 124889501 730214398 327909503 794500755 600655803 0
