100
6 1 1000000000000000
1 1 1 1 0 100 0
6 1 -100
1 1 1 1 0 100 0
9859 7169 -443040779351240
137234807 820113898 266608172 314242199 997159474 379833779 0
61381 35153 -571855812272128
787613502 19430544 464742004 858126715 453589776 536978560 0
68358 7742 534765437757190
850780399 793113882 5529315 176832391 226631941 785724353 0
392198 382691 -582654576571215
347048006 954945044 136216943 584732188 705705247 717721645 0
1308 685 -563533444143548
703691699 580093562 202377755 657527361 145869475 676730355 0
300806 187631 79350094085109
746485966 55807057 704156809 400747944 350112412 598199399 0
212724 212724 1000000000000000
453266126 41853592 721219405 305813090 930964956 112141557 0
289308 72907 -560018608600111
658548987 42424747 225847097 670474349 491546495 604387445 0
500000 500000 1000000000000000
775790290 501648744 313666981 226097446 806726151 868848161 0
121852 121852 -275516652763573
790501702 926888873 567678003 358997384 152384577 523811429 0
18492 4276 -389757640779649
426518156 722417754 307246601 611333173 740982569 434907683 0
500000 277736 1000000000000000
631778275 335808980 103731982 153123126 692278171 948459367 0
160204 160204 1000000000000000
570550077 970372956 826534706 938795139 198013803 523695339 0
500000 154369 964835765142698
159427359 983226730 232821397 292679619 959253108 403548757 0
453241 83274 -318622274353645
420919604 32185692 859102174 227765373 765050103 488466686 0
233544 78561 1000000000000000
590904388 428178292 336882044 337630840 490305741 537655725 0
94925 83342 72965155118992
774708382 15388231 171290884 559706072 741298196 46339371 0
399356 135747 -456093759215321
693966513 911571583 55645429 92444447 323674151 971630523 0
500000 237798 468084
10 5 726854378 311598562 558174051 11 0
283596 283596 805095018341709
505251618 181090692 508337424 554105292 78474089 643391575 0
132459 112124 934921057566220
562882508 265270165 309911815 264053575 162952405 971176991 0
285642 138752 1000000000000000
646057913 258636368 677671521 107055743 136765788 960573711 0
140561 62519 -967286377374652
597155339 455458417 901223779 890269889 697396739 242832991 0
470017 237955 694391841061590
134099936 750802726 139942214 674176816 458390318 227731589 0
500000 500000 1000000000000000
802775955 430439864 681427195 75582462 847121914 655514871 0
85503 64166 724155626528432
229593327 522366511 6115760 324401333 373670853 806862331 0
285642 285642 142887928815884
851528015 198389666 637033982 984505727 301804780 35449525 0
222023 170545 487011185173459
953162783 991159131 622968388 891291893 785622575 65655255 0
70129 3002 -897900509928149
860606284 866031394 684002719 689219388 649752554 308921033 0
42591 25682 -342653462463595
868109221 392240394 446721520 626816616 274982026 989755359 0
242865 232848 358155711662165
702698289 774544525 341112482 84870804 108482810 197135209 0
177283 22706 154284757769367
815898060 359829500 993074631 483159955 536462629 879005547 0
385865 124289 -645439270165706
519898767 775709602 822335485 771783316 42659177 121609193 0
500000 500000 1000000000000000
0 0 0 0 0 1000000000 0
236817 0 -646932688483210
510856277 510856277 0 0 510856277 1000000000 0
205885 54938 -973798941245368
206020049 45986038 173409402 795719441 968639198 951815311 0
18298 12183 -912091416106188
394896539 137061689 272153389 897713386 714145414 880273193 0
19578 19578 1000000000000000
963266391 477719102 983875763 175204489 699451130 489424875 0
83731 0 927747031824009
656361831 656361831 0 0 656361831 1000000000 0
500000 0 113672636623266
948671281 948671281 0 0 948671281 1000000000 0
283596 125969 297944463097960
841882253 876627202 80519662 454878826 969734198 760759559 0
450007 346171 847240346027123
246843390 790208254 719104832 755385785 560683919 231731023 0
7721 3838 941675564712922
152491523 155358971 88318565 633789866 807183467 823801185 0
500000 327991 -708963347111946
871087690 942055208 611838427 428364874 432831177 427983927 0
500000 388382 3661284
2 0 917721116 33115726 431537985 11 0
500000 500000 1000000000000000
339727767 607754370 540085504 447037102 627324934 799968921 0
160061 3731 723061899449714
1209442 498475878 367032233 482316631 980417082 218119389 0
500000 500000 1000000000000000
999999999 999999999 0 0 999999999 1000000000 0
500000 119452 2157445
5 8 608449943 326819518 289283990 11 0
500000 21543 1000000000000000
716670928 906531923 995042772 665223693 744541741 73791215 0
500000 500000 850469622426846
448853474 127186038 215013752 671017090 684242093 998462451 0
381222 120742 894820628133299
657539443 516049810 510358043 890908813 946842183 791675483 0
285703 203335 998496713091349
908270225 702823604 960374547 800123417 883400067 608470989 0
233544 233544 829354043626680
973281533 261958841 47733362 296044448 721555270 433838909 0
500000 0 1000000000000000
1 1 0 1 0 1000000000 0
350216 0 -349056845099542
9533403 9533403 0 0 9533403 1000000000 0
2 1 1000000000000000
1 1 0 0 0 1000000000 0
471155 231492 317771341102936
811071872 804435691 81935171 348858483 480731291 758967996 0
500000 500000 509409893560318
634283258 586130319 915234321 463615993 243944587 556402345 0
412748 328202 202849947853350
34797200 506621102 810662438 920183498 727944173 774781555 0
324868 265531 399058931923508
457388191 337631560 497327808 17183494 850811471 431613661 0
500000 496962 4404793
6 10 814607240 906186 142267306 11 0
293163 67759 -36542255922976
608287548 467116962 520416722 262803194 648802361 303914946 0
121852 113959 863559384542972
389712496 596926497 164265129 640506248 96365500 363592145 0
500000 499680 499568111521830
889929038 487431253 534425346 323050009 718243754 245505749 0
500000 0 397336285219243
241261415 241261415 0 0 241261415 1000000000 0
2 2 1000000000000000
1 1 0 0 0 1000000000 0
262307 90530 -779456735020899
308610362 326272578 565311600 502584704 24705540 197437943 0
500000 494548 1000000000000000
462136545 772851117 721258963 583400767 706697388 534857007 0
500000 125000 125000
1 0 0 1 0 2 0
500000 500000 -14375304244062
591852777 722612068 975909081 504131545 981760870 952816255 0
369550 330898 -704001863404973
965164713 43345695 644184129 452767460 287319078 367838569 0
128027 101761 828329828159269
156107049 367460310 400525388 896483039 80892799 859082543 0
500000 119526 1935973
0 7 441110371 880506848 315256589 11 0
390830 260322 -451207086871478
552327545 361900617 50345605 966255272 711763519 178066285 0
283596 268944 1000000000000000
630279127 420184340 893120065 816426014 831130301 12141271 0
336621 263602 -254778221347398
848710491 346858930 447117943 784964964 204627613 11453683 0
97093 24067 787739803962264
326649897 501894895 846907365 982618377 816395651 204599013 0
421222 36173 29311229629873
170166109 477955388 466556524 891091926 560386790 906299241 0
500000 500000 -659310121960366
490544779 262815665 662776919 172258779 106925116 564831631 0
500000 436280 306957
1 3 829784330 883286437 593749985 11 0
128475 64581 237370102403672
143296817 843740363 600333560 956964962 531039544 273004071 0
500000 356381 1000000000000000
278082107 339812510 512594165 290373552 56651321 362969593 0
233544 2622 -745932675074136
971608492 982329000 934670067 333827251 44344039 795444131 0
228659 224835 691419239855662
493202248 673663940 539123753 663260553 501639595 719045313 0
255950 38710 475369759687681
853655136 735749416 167948922 888884505 206621120 554101533 0
500000 0 589060147183743
129307967 129307967 0 0 129307967 1000000000 0
121852 76290 1000000000000000
822387884 863845748 634827540 438212642 724197250 213501837 0
500000 319658 1407454
8 3 1903703 631993849 983227918 11 0
285642 118902 133927157109901
576619966 112873335 91646944 623894675 181198950 868690445 0
321159 321159 1000000000000000
994518755 33993563 917467539 644706017 987194352 198498975 0
500000 131716 1015137
2 8 535667925 965848790 155988133 11 0
500000 285948 -47834058176439
704713746 784119110 962648550 786083491 33124482 414246189 0
334092 198303 -308587334509297
925053643 645473105 277523064 991121983 114618699 292125051 0
2 0 1000000000000000
1 1 0 0 0 1000000000 0
500000 500000 1000000000000000
847420817 686116518 945034657 334300567 323896812 270246619 0
291588 0 -123987743055471
580305105 580305105 0 0 580305105 1000000000 0
500000 0 -359010472556270
500358879 500358879 0 0 500358879 1000000000 0
