100
3 1 4
1100
1010
0000
1000
2 4 4
1111
1111
1111
0111
1011
1101
10 4 8
10100110
11101001
11100101
01111011
01111110
00111001
00111101
00011111
01100011
00110100
10110100
10011011
10010110
11111010
10 1 1
1
1
1
0
1
0
0
0
0
0
1
10 10 9
111000110
100010010
001000010
111000010
011100010
011000010
111010011
111010010
101010010
111010010
011100010
001000010
011000010
101010010
111010011
100010010
111010010
011000110
111000110
111000010
10 10 5
11000
01000
00101
11001
00010
11011
01000
00101
00010
00111
00101
11001
00010
01000
11100
11011
11000
11010
10000
00111
10 7 3
110
101
010
011
110
000
110
110
111
001
101
110
011
010
111
000
001
10 10 8
11001010
01010011
00010100
10010001
10011100
10001011
00000111
00011001
00010001
01010100
01010011
00011001
10010001
00010100
11001010
01010100
10001011
00000111
10011100
00010001
10 10 10
1101111010
1000010101
0000101011
1001010111
1001100011
1101101101
0010110000
1111101001
0000110010
0001010011
1101101101
1001010111
1000010101
1111101001
0000101011
0001010011
0010110000
0000110010
1001100011
1101111010
10 10 4
0001
0111
1100
1010
0111
1011
1100
1001
1010
1000
0000
1011
1000
1100
0111
1010
0001
1001
0011
0101
10 10 5
11101
01100
01100
11010
10101
01110
10101
10011
10101
11100
01100
11101
11111
01101
10101
10011
11001
11010
11100
01110
10 10 5
11011
11011
11011
11011
11011
11011
11011
11011
11011
11011
11011
01111
00011
11010
01010
11001
01001
10011
01011
11111
10 10 9
110111101
001100110
110011101
110001101
001101110
111111101
110101001
011100110
010010101
110101101
011100110
110101101
111111101
110101001
110111101
001101110
010010101
110001101
001100110
110011101
10 10 7
0000111
1001011
1110000
0011111
0100011
1001000
1001100
1010100
1111111
0111110
1110000
1010100
0011111
0100011
1111111
1001011
1001000
1001100
0111110
0000111
1 8 7
0101000
1101100
0100000
0001011
1010010
1000110
1010100
0110011
1101011
10 10 4
1001
1100
0101
1000
0101
1010
1011
1001
1111
0010
1101
1011
0101
0010
1010
1000
1100
1111
0001
1001
10 10 4
1010
1111
1110
1100
1101
1110
0000
0001
0100
1100
1000
0010
1010
1101
1100
1111
0000
0100
1110
0001
1 10 10
1011000101
0110100110
1010010111
1010011001
0011100101
1010010101
1010001100
0011111100
0011010000
1011000101
0011111001
2 4 6
011001
010001
101011
111111
011001
010001
10 10 8
00000010
00000000
00000010
00100010
00000010
00100010
00100010
00000010
00100010
00100010
00000000
00001010
00000011
10000000
00000010
00010010
01000010
00000110
10000010
00100010
1 10 10
0101110001
1010100000
0011001111
0101110001
1101010010
0111000111
0100101000
0001100111
0110100110
0011110111
1100100110
1 10 10
1010000010
1100100110
1101010111
0111010010
0011101111
1000011000
1001011001
1010001100
1010000010
0111010101
1011110100
10 10 8
11000010
11010110
11000010
11000010
00011001
11000010
11000110
00011001
11000010
11000110
01000010
11000110
11001010
10000010
11000000
11100010
00011001
11000010
11010010
11010110
10 10 6
001100
011000
010001
110100
011011
011011
101110
100110
100100
011001
100100
011011
101100
011001
100110
011000
010001
001100
101110
110100
10 10 7
0000100
0000110
0000100
0000100
0000000
0000100
0110100
0110100
0010100
0000100
0100100
0001100
0000101
0010100
0000000
0000100
0000110
1000110
0110100
1000100
8 10 7
0101100
0011000
0001101
1010011
0011110
0110101
1100000
1000010
0100011
0000010
0001101
0000001
0000111
0101111
0111101
0110101
0001111
1011011
10 10 5
00100
10110
10010
10110
00100
00100
00101
10110
00100
01011
10110
00110
00101
10100
11110
00000
00100
01100
10010
01011
10 10 5
00011
10111
01111
00010
01110
00111
00110
00101
00111
10110
00010
00011
00110
10011
00111
01110
01111
10111
00101
10110
10 10 8
11100101
01110000
10011010
00111001
00001001
01011100
11001000
01011100
00001001
11110011
10011010
10100101
01011100
11110011
11100101
00111001
01100101
01110000
11001000
00001001
10 10 7
0011111
0000001
1101100
1100111
1001111
0001111
0110100
1110100
1110001
1110100
0000001
0110100
1110001
1001111
0011111
1101100
0001111
1110100
1011111
1100111
10 10 10
1100101101
1011110000
1100001101
1100101101
1100101101
1011100000
1100001101
1100001101
1011110000
1011100000
0010111100
1011001011
1101101111
0001000100
1001011111
1001000010
0001111000
0011000100
0011001011
0001010100
9 10 10
1001100011
0010100100
1101010011
0101001111
0110110101
0010110110
0110111010
1110100110
1101001001
0010110110
1001101011
1011101111
1000011110
0001111010
1011100010
1001110100
1001010001
0110101110
1011011010
10 10 8
10000011
00011010
01100101
11001011
11100000
11101100
00100101
01101110
11010101
00011011
11001011
00011011
00011010
11010101
11100000
00100101
01101110
01100101
11101100
10000011
10 10 9
010100001
000100000
100010111
111001011
110111101
011111101
100000110
010101011
111100111
000010000
000100000
011111101
100010111
010101011
110111101
111100111
111001011
100000110
000010000
010100001
1 1 10
1111111111
1111111111
10 10 8
11001011
01100111
11111110
00001001
10111001
11011001
00011111
00111110
00010010
00101111
11011001
00011111
11111110
01100111
00111110
00001001
10111001
00101111
00010010
11001011
1 10 10
0010011000
1100100110
0010001101
1010001100
0010011000
0100111110
1010001110
0111101001
0110111101
1001111011
0110100111
1 6 10
1110111100
1000100100
1101110011
0010101001
0000100110
1111101100
1111100110
10 3 2
11
10
11
10
10
00
01
00
10
00
10
00
11
10 10 4
0100
1011
0001
1011
0100
0100
0001
0100
0100
0001
0000
1001
0110
1111
0001
0100
0101
1011
1100
0011
10 10 7
0001011
1111110
1000111
1011101
1111111
0110101
1110100
0001000
1001001
1111101
1001001
1111111
1111110
0001011
0110101
1011101
1111101
1110100
1000111
0001000
10 10 10
0111110111
0111011101
0101111101
0111111101
0111111111
0111001101
0111111111
0011111101
0111001001
0101011101
0111111111
0111001001
0111110111
0111011101
0111001101
0101111101
0111111101
0101011101
1111110111
0011111101
10 10 10
1000010010
0111000110
0011100001
1000001111
0110100000
1101100101
1000010011
1000000001
1101101001
1001011011
0100111100
0100100001
1001001000
0100101001
0010001011
0000100110
0100000101
0000000010
0101001000
1100110100
10 10 10
0000001100
0010100111
0010111111
1111001110
1001011011
1010000110
0001111101
0111100101
0001001001
0010101111
1100000110
1000010101
1100010001
0101000010
0001111111
1100000001
0111001110
1110001100
0010000100
0001101111
10 10 7
1000101
0001011
1100010
0010001
0000011
1101010
1000100
1100011
1101010
0010011
1100010
0010001
0000101
0010011
1000101
0000011
1100011
1000100
1101010
0001011
10 10 5
01010
11001
11001
10011
00001
10011
10011
10101
11111
10011
01010
01000
10011
11010
10101
00001
01110
11111
00010
11001
1 1 4
0000
0000
9 10 5
10101
10100
01000
01111
11010
01001
10001
11100
11100
00001
00110
01001
01000
10101
01111
01100
10011
11111
01010
10 10 4
1100
1010
1011
0100
1000
1001
0000
0001
1000
1011
1000
1011
1010
0100
0001
1101
1110
0000
1001
1100
10 10 7
0000111
0010110
1010100
1011100
1011110
0000110
0000110
0000110
0010110
1010110
0100111
1011110
0000111
1011100
0010111
1000111
0010110
1010100
0000110
1010110
10 7 4
1001
0000
0100
1001
1010
1001
1110
1001
0011
0010
1110
0011
1111
1001
0100
0101
0111
10 10 9
010011011
010011011
010011011
010011011
010011011
010011011
010011011
010011011
010011011
010011011
010010011
010001011
010011011
000011011
010011010
011011011
010011001
010111011
010011111
110011011
10 10 10
1100011101
0101011110
0000001001
0100001100
1101110010
1000100000
1001100001
1010000100
1010110111
1011010100
1000100000
1010110111
1010000100
1001100001
1100011101
1011010100
1101110010
0101011110
0000001001
0100001100
10 10 4
0101
0001
1100
0000
1100
0000
1011
1000
0110
1000
0110
1000
0101
1101
0000
1100
0111
1011
0001
0100
10 3 2
11
01
00
01
00
00
11
11
10
11
00
01
11
10 10 8
10011100
01111111
10011000
10010110
10010110
10110110
11111011
11111111
10010000
00011100
10010000
11011100
11111111
10011000
00011100
10110110
10010110
11111011
10011100
01111111
10 10 10
1010000101
1011110100
0111000101
1111001010
1010000011
0001111010
0011001000
0010110110
1100011111
0011011010
1100011111
1010000101
0010110110
1010000011
0011011010
0001111010
1011110100
0111000101
1111001010
0011001000
10 10 4
1100
1000
0100
1110
1111
1110
1000
1101
0101
0010
0010
1110
0101
1010
0100
1101
1000
1111
1100
0000
10 10 5
01011
01001
11000
11111
10110
01100
00101
11011
10111
11110
10111
11111
01011
11000
00101
11011
11110
10110
01100
01001
10 10 4
1101
1101
1101
0100
1101
0100
0100
0100
0100
1101
0000
0101
0110
1111
1101
0111
1001
1100
0100
0001
10 10 8
01010100
11000100
11000000
01011111
11010100
11000100
10000100
01010111
00010110
01010101
11010100
10000100
01010101
11000100
01011111
11000000
01010100
01010111
00010110
00010100
10 10 10
1100101011
1101111000
0100010011
0111101001
1001100010
0001010110
1110011110
0010110111
1000111111
1011010111
0010101110
0010111011
1010000100
1011101110
1110101100
1011101101
0000011011
0001001101
0111100001
1010111101
10 10 6
011000
110101
110101
011100
110101
110101
110101
011100
110101
111101
111101
010000
011100
011010
011001
001000
110101
011000
010101
111000
10 10 4
1010
0000
1111
1001
1011
0111
0001
1000
0001
0101
1111
1011
0000
1001
1010
0111
1000
0010
0001
0101
8 7 6
010011
010000
010001
011001
000110
110010
000101
000010
100000
101000
101011
000110
010000
110011
111011
10 10 4
0000
0000
1000
0010
0010
0010
0100
0010
0010
0010
1001
1000
1010
1100
0110
0010
0001
0000
0100
0011
1 10 10
0100000001
0101111010
1000101110
0000011001
0010010000
1011010000
0001111110
1011110001
0100000001
0111010010
1000111011
10 10 9
100101111
010101000
101010011
010110101
101100111
101111101
100011011
101111101
001101000
110011011
110011011
010101000
000101111
101010011
100011011
001101000
010110101
101111101
100101111
101100111
10 10 5
10110
10111
10101
00011
11111
00111
00111
00110
10010
10111
10111
10110
10100
11111
10010
10101
00110
00011
00111
11110
10 7 3
000
110
011
101
100
011
110
000
000
101
001
110
010
000
100
011
101
10 10 5
01101
11101
00101
01101
01101
01101
01101
00101
01101
01101
00101
01101
11100
10101
01111
11101
01100
01001
11001
11111
10 10 10
0000000010
1000000010
1000100011
1000100010
1000000010
1000100000
1000100010
1000100011
1000100010
1000100010
1000100010
0100000010
0000010010
0000000010
1000000010
0010000010
1000100000
0001000010
1000100011
0000100010
10 10 10
0100001001
1101111010
1011111000
0111101111
0101100010
0000000100
1000110010
0111011000
1101000010
1000000110
0000000100
0111011000
1101000010
1101111010
0111101111
1000000110
0101100010
0100001001
1011111000
1000110010
10 10 10
0001111110
1001000011
0101010100
1010100110
0100001110
1110100001
1010001101
1001001011
1100000011
1100011001
1100101101
0010100011
0101100000
1111010011
1001010000
0111110111
0111100000
1100001010
1001011101
1010100111
10 10 5
10001
01000
01000
11111
00111
01001
01100
11110
00010
10111
10001
10111
00001
00010
00111
01000
01001
11110
01100
11111
4 10 9
111101100
111111100
100011110
011110101
111001000
001111101
101100001
000101000
111001100
001101111
100010110
010001111
100000110
010111110
10 10 7
0001110
1110011
1010000
0010001
0001010
1110001
1110001
0011010
1010001
1000001
0011010
0001110
1000001
0010001
0001010
1110001
1001110
1010000
1010001
1110011
10 10 5
00111
11111
01000
11011
01101
10100
11111
00111
11100
00011
10100
11111
11100
00111
00011
01101
01111
11011
01000
10111
10 10 5
01011
00010
10010
00100
00111
00000
11101
11010
11000
11111
10010
00010
01011
00100
11010
11111
00111
11101
11000
00000
10 5 5
00001
10010
00010
10100
01100
11001
11110
01010
11100
10001
11100
10010
00000
01111
10011
10 10 10
1111110010
0010110010
1110110010
0110110010
1010110010
1111111010
1100111111
0111010010
0111110010
1111110011
1111111010
1111110011
0111110010
1100111111
1110110010
1010110010
0111010010
0010110010
1111110010
0110110010
10 10 4
0011
0011
0011
0011
0011
0011
0011
0011
0011
0011
0111
0101
1010
0010
0011
1001
1111
0110
1011
0001
10 10 4
1100
1010
1100
1010
0010
0101
0111
0110
1101
0001
1010
1100
0110
0101
1000
0111
0100
0001
0010
1101
10 10 5
11011
11011
10001
11000
10010
10011
10111
11100
10100
01000
10100
01000
11011
11100
10001
10111
10011
10010
01011
11000
4 10 10
1100110111
1100110100
1011100000
1101001110
0001011101
0001111101
1111011101
0011111011
1101010000
1000001010
0010110010
1110011000
0111110011
0001000111
10 10 7
1011111
1011111
1111111
1111111
0110001
1011110
0110000
1011111
1111111
1011111
1011011
1010111
1111111
1001111
1011111
0011111
0110001
0110000
1011110
1011101
9 7 10
1001000100
1001100111
1100100101
0000110010
1101010110
0100110100
1011001111
0111000111
1011001100
1011010011
1010111001
0110010111
1111001001
1000000010
0100011110
0000110101
10 10 7
1110010
1100110
0000111
0010111
0000111
1110110
1000101
0000101
1110010
1110110
0110010
1100010
1010010
1000101
1110010
0000101
1110110
0000111
1100110
0010111
10 10 8
10001101
00000111
01010000
10011111
10110111
11001010
01001100
00001111
01000110
11111100
01010000
11111100
10001101
11001010
10110111
10011111
00000111
01001100
01000110
00001111
10 10 8
00101110
00101111
00101101
01100100
01101101
01000100
01101101
10101101
01100101
01101101
01101110
01100100
00101101
00101110
01000100
10101101
01101101
10101110
01100101
00101111
2 3 4
1011
0000
0010
1111
1010
10 10 8
11000110
10101010
01001110
10100010
01001110
10111001
01000110
10011001
00111001
10111001
01000110
10111001
10011001
10100010
10101010
10000110
11000110
01001110
11100110
00111001
10 10 6
111110
010001
001001
011001
001000
011000
011010
110110
011100
010110
110110
010110
011001
010001
001001
111110
011000
011100
001000
011010
10 10 5
01101
00001
11011
11001
11111
11001
10011
01001
11011
01000
10011
11111
01001
00101
11011
11101
11001
01000
00001
01101
10 10 6
111011
110110
110011
111001
011101
111100
110011
011100
110111
110111
110011
011011
110110
011101
110111
011100
111011
111100
111001
101011
10 10 8
10010111
01110111
00100110
01110000
01100100
01101001
01001100
00011100
11101101
11100101
00011100
01110111
11101101
01110000
00100110
11100101
01001100
10010111
01101001
01100100
10 10 5
10010
01110
01000
10110
10100
10010
11000
11100
01010
00010
10100
00010
01010
11010
10010
10110
11100
01110
01000
11000
10 10 5
11111
11111
01111
11110
01111
11111
01111
11100
11101
11101
01101
11011
11100
01011
10111
11110
11101
00111
11111
01111
10 10 10
1101000000
1101000000
1101000000
1101000000
1101000000
1101000000
1101000000
1101000000
1101000000
1101000000
1010000110
0000101111
0001010000
1101110101
1000011110
0100111000
0110110101
0010001001
1110000100
0001010011
1 1 1
1
1
