100
3 1 4
1100
1010
0000
1000
2 4 4
1111
1111
1111
0111
1011
1101
8 8 10
0110001110
0110100000
1110111101
1100100110
0111010001
0101110101
1001100011
1011110101
0111110101
1010101101
1000111000
0000001100
1100011010
0110110110
1010011110
0011100110
10 10 10
0100100110
1111000000
0111000010
0110110110
0111001110
0011110011
1111010011
0100101100
0001111110
0001111111
0100101100
0110110110
0011110011
0001111110
1111000000
0100100110
0001111111
1111010011
0111000010
0111001110
2 4 6
011001
010001
101011
111111
011001
010001
10 10 9
011001000
011001000
011101000
011001000
011001000
011101000
011001000
011001000
011001000
011001000
011011000
011001010
011001100
011101000
011000000
011001001
011001000
111001000
010001000
001001000
1 1 10
1111111111
1111111111
10 10 4
1010
1111
0010
1110
1010
1011
0011
1011
1101
1100
1000
1110
0010
0011
1111
1101
1100
1011
0111
1010
10 10 8
01000010
11010001
10110111
00111000
00001110
11010000
10010010
01011101
11001110
11110000
00001110
00111000
11010001
11001110
10110111
01011101
10010010
01000010
11110000
11010000
3 10 8
11111010
01001010
00100000
00101010
10111011
00010100
01101100
11010010
01000110
01111101
10110100
10011111
01111010
6 1 7
0110110
1010111
1101110
0110011
1011110
1111001
0001110
10 10 6
001001
010011
001100
111100
000011
011101
000100
000011
000001
111101
011101
000100
000001
001100
001001
111101
101001
111100
010011
000011
10 10 8
01011000
11011000
01011100
01011000
00100010
01010100
01011010
00001000
00000010
00000000
00000000
01010100
01011100
01011000
00100010
11011000
00000010
00011000
00001000
01011010
10 4 10
1111000101
0000101101
0010011000
1011110101
1011100100
1000110100
1110101111
0011011111
1001110100
1001111000
0010001100
1000010011
1101101100
0011101010
10 10 4
0010
0011
1010
0000
1100
1001
0010
0100
0110
1000
0110
0100
0010
1010
1001
1100
0011
1000
0000
1011
10 10 4
1111
0010
1110
1000
0101
0101
1100
1110
1001
0001
1001
1111
1100
1110
1000
0010
0111
0101
0001
1011
10 10 9
001101001
001101001
101101110
010110110
101101110
001100001
001101001
001101001
010110110
001101001
011101001
001101101
001001001
000101001
001100001
101101110
010110110
001101001
101101001
001111001
10 7 3
010
110
111
010
101
000
001
001
101
111
101
111
000
110
001
010
011
10 10 5
11110
10010
11100
11000
10110
00000
01111
00110
11001
01001
11100
01111
10110
10010
11001
11000
00000
11110
01001
00110
10 10 7
1101111
1101111
0100000
0101111
1101000
1101011
0001111
1100000
0101011
1100000
0101011
1100000
1111111
1101000
1101011
1001111
0101111
0001111
1101111
0100000
10 10 4
1001
1001
1001
1001
1001
1001
1001
1001
1001
1001
1100
1001
1111
0101
0001
1101
1000
0000
0011
1011
10 10 9
100000001
110000001
111100100
111000110
110001101
111110100
110000101
111000101
110000001
111000100
110001101
111000101
111000110
000000001
110000001
111000100
100000001
111110100
111100100
110000101
1 10 10
0111011010
0000010111
0111011010
0100100100
0011000010
0101001011
1110011000
1100100001
1101111100
0100101011
0000000011
8 10 8
10010000
00011100
01000011
10101001
10110010
10111100
11011010
00001111
01001000
00100000
00101100
01100000
10101101
01011010
11111010
00100011
01000100
00111100
10 3 2
00
11
00
11
01
11
00
11
11
10
01
00
11
4 10 10
1000001110
0100001100
0101011001
1110101011
1110100101
1111011001
0110101101
0010111111
0110000100
0011010000
1100010100
0001010010
1010001010
0111001000
10 10 10
0110111000
1001110111
0110111100
1010110111
1000110110
0010011101
0010111101
1000110111
0010011100
0010111100
0010011100
1001110111
0010111100
0010111101
1010110111
0110111000
0010011101
0110111100
1000110110
1000110111
1 1 4
0000
0000
10 10 5
01010
10010
00001
11100
01001
01010
00101
10110
10101
11010
00001
10110
00101
10101
10010
01001
00010
01010
11100
11010
1 10 10
0111001000
0010000011
1110000000
0011011101
1110000101
1010100111
0001001001
1001010110
1010001101
0111001000
1011110100
10 10 8
00000010
10110011
00100111
01001100
10110010
11001111
11111111
01111000
11101110
10001000
10001000
01111000
00100111
10110011
11111111
00000010
01001100
11001111
10110010
11101110
10 10 4
0100
0010
0100
1011
0110
1100
0111
1111
1111
0011
0111
0101
0100
0110
1111
0000
0011
0010
1011
1100
3 7 10
1001010110
0101100010
0100100010
1011110111
0011010111
0010001100
1111000101
1101110001
1100101000
1101111100
10 10 6
010110
010110
001101
000111
010110
111011
000111
000110
001110
001111
111011
011110
001101
000111
001110
010010
000110
110110
010110
001111
10 10 4
0110
1001
1001
1101
1111
0100
0111
1011
0001
0110
0110
1101
0111
1111
1011
1001
0100
0001
1110
0010
10 1 1
0
1
1
0
0
1
0
1
1
0
0
10 10 8
01100010
11011010
00001101
10001100
01011010
00110010
00011000
10100011
10001100
11101001
11101001
00011000
10100011
01100010
01011010
00110010
11100010
10001100
00001101
11011010
10 10 9
100011010
101111011
100111000
101111010
101111001
111111011
111110111
111111111
100111010
100111010
100111000
111110111
100011010
101111011
000011010
101111001
111111111
101111010
111111011
100111010
10 10 5
11001
01101
01001
11101
11011
01101
11011
01011
11001
11101
11001
11000
01001
11011
01101
01111
00101
11101
01011
10001
10 10 7
0000111
0111000
0010110
1010110
0000000
1000010
1010111
0110001
1100100
1010110
1010111
0010110
0111000
1100100
1010110
0000111
0110001
1000111
0000000
1000010
10 10 7
1010001
0000100
1010111
0000001
0010000
0110010
0101110
0010000
0111111
0111111
0110010
1010111
1110001
0101110
0000001
0111111
0000100
1010001
0010001
0010000
10 10 10
1001101000
1001101000
1001101000
1001101000
1001101000
1001101000
1001101000
1001101000
1001101000
1001101000
0000110011
0101100101
0001010101
0111101111
1110010010
1011011101
0110100111
1011010001
1011111111
0111110010
10 10 5
00101
01001
11010
00001
00000
00101
00111
00000
00110
01001
00100
10101
00110
00111
00101
11010
00000
00001
01101
01001
10 10 5
11010
11010
11010
11010
11010
11010
11010
11010
11010
11010
11010
01110
11000
11011
00010
01010
11110
10010
01000
01011
1 10 10
0000110010
1001101100
0000110010
0110010100
1101110001
0000000101
1001110101
1000100110
1111011100
0010010111
1101000000
10 10 10
1001100000
0001101000
1011111010
1100111110
1110010111
0100010000
0000110100
0000101111
1101111000
0011100111
1101111000
1110010111
0000101111
1100111110
0011100111
1011111010
0000110100
0001101000
1001100000
0100010000
10 10 8
00110110
01111100
11011101
01111110
01111101
11010111
01110110
01111110
11010101
01101100
11010101
01111100
01111110
11010111
10110110
01111101
11011101
01110110
01101100
00110110
10 10 10
1111110010
1111111101
0100000001
1000111010
0101101010
1101010000
1110010000
1100000110
0000010001
0100000110
1111110010
1110010000
1000111010
0101101010
0100000001
0100000110
1100000110
1111111101
0000010001
1101010000
10 10 10
1000000001
1001101000
1010001001
1111101010
0000001110
1101111001
1001101010
0001001011
0000101101
1100110000
1011111100
1101001101
1101100000
0010100100
0101000110
0100110001
1101100001
1010001100
0101100010
0000001111
4 3 10
1111100001
1100001000
1100111011
0110100010
1001001010
0100101100
0100101011
10 10 5
11000
00000
10110
11001
11011
11010
10110
00111
00001
10110
00111
11001
00000
10110
11010
00001
11011
11000
01000
10000
1 10 10
0010010101
1101100000
1010011010
1111011100
0001000011
0111000000
0001100100
0010010101
0001110000
0011101100
1111100001
10 10 9
101010110
101010110
101010110
101010110
101010110
101010110
101010110
101010110
101010110
101010110
101010100
101010111
101000110
101010010
101110110
100010110
111010110
101011110
001010110
101010110
10 10 9
101010101
101110101
101110101
101010101
101110101
101110101
101010101
101011101
101110101
101010101
101011101
101010101
101010100
101110101
101000101
101010111
100010101
111010101
101010001
001010101
10 10 4
0000
0000
0000
0000
0000
0000
0000
0000
0000
0000
0100
0001
0010
1100
1010
0101
0110
0000
1001
1000
10 10 7
1110001
1110001
0000100
0000100
0000100
0000001
0000100
0000100
0000100
0000100
1010001
0000100
0000001
1110000
1100001
1110101
1111001
1110001
0110001
1110011
10 10 10
1011000000
1001000000
1011010000
1011000100
1111000100
1010000000
1001000001
1011000000
1011000000
1001000010
1011000100
0011000000
1111000100
1010000000
1011010000
1001000010
1001000001
1001000000
1011000000
1111000000
10 10 4
0101
1100
0000
1101
1011
1111
0011
0100
1101
1000
1101
1111
0001
1000
0101
1011
0011
0000
0100
1100
10 10 5
11000
10001
11001
11111
11100
11100
10100
11100
10110
01101
00100
10110
10100
10001
11000
10011
10010
11111
10101
11100
10 10 6
111001
001101
001101
110001
011110
101001
111011
010111
100010
000010
011001
011110
010111
001101
000010
110001
111011
101001
100010
111001
10 10 10
1100100110
1100100111
1100001110
1100001100
1101001100
0100000110
1110100110
1000100110
1100001010
1100000110
0100000110
1100000110
1000100110
1101001100
1100001110
1110100110
1100100110
1100100111
1100001010
1100001100
10 10 6
111100
011100
111100
010110
010000
101100
010100
010100
001100
011000
111100
010000
010110
111000
101100
010100
011100
110100
001100
011000
10 9 10
0000101110
0001010010
0000110011
1101100011
0111100110
1000100001
1100111110
0100000111
0100010001
1011101111
1010110001
1000001110
1110101101
0100001101
0011101001
0101010010
1010011011
1111100000
0100111001
10 10 10
1010100101
1010100111
1010100111
1010110111
1010100111
1010100111
1010100111
1010100111
1010100111
1010100111
1110100101
1010110101
0010100101
1010110111
1000100101
1010101101
1010100111
1010100101
1010000101
1011100101
1 10 10
1011111001
0010000100
0100010101
1001101100
0010111110
1101100110
1011111001
0000010011
1100001101
1010101001
1010001011
10 10 10
1110101010
1100010001
1110001010
0001000010
1000011101
1100101001
1110001010
0001110011
0111101111
0001001100
1100101001
1100010001
0001001100
0111101111
0001000010
1110001010
1000011101
0110101010
1110101010
0001110011
10 10 6
100100
110101
101101
100101
110100
111100
100101
110101
111101
110100
110100
110101
100100
111100
101101
100000
111101
000100
100101
101100
10 10 5
01101
00101
00101
11101
01101
01110
01111
01101
01110
00001
01110
11101
00111
00101
10101
01001
01100
01111
00001
01101
8 3 6
110010
001100
000101
100011
001001
101100
011100
000100
010000
111110
110001
1 1 1
1
1
10 10 6
111100
111110
101010
000001
100100
000101
010110
110100
010001
001101
010001
101010
010110
111110
110100
001101
000001
100100
111100
000101
10 10 9
100111111
000111111
111111110
000000001
110011011
001111000
111101011
101010101
111110101
110110010
110011011
001111000
111101011
000111111
111111110
000000001
111110101
101010101
110110010
100111111
10 10 10
0100011011
1010111011
0010110101
0010010110
1101111111
1010011100
0011010010
0111000010
1111000001
0101110000
0100011011
0010010110
0101110000
0111000010
1101111111
1111000001
0010110101
1010011100
1010111011
0011010010
10 10 7
1111111
1100000
0110000
1010010
0010111
0111100
1101100
0011001
0011001
0111001
0011001
1010010
0111001
1111111
1101100
0110000
0111111
1100000
0010111
0111100
10 10 9
000111000
000011000
000100111
010001011
010000001
100111101
111010101
010111100
000001010
000101110
100111101
010111100
000001010
000011000
000101110
010001011
111010101
000111000
000100111
010000001
10 10 8
01111110
00010100
11101100
01000000
00100010
00011100
10100000
01011001
01111100
01100000
00100010
01011001
11101100
10100000
01111110
01100000
01000000
01111100
00011100
00010100
10 10 10
0001110001
0011101001
0100111011
0011101100
1100010010
0100100100
1101000111
0000010010
0110100000
0101000011
0011101001
1100010010
0100111011
0001110001
1101000111
0110100000
0000010010
0101000011
0100100100
0011101100
10 10 5
00110
00001
00111
00011
00001
00001
00111
00011
10111
00101
00001
00100
01110
00101
10111
10110
00111
00011
00110
00010
10 10 5
11110
00100
10010
10111
11010
11011
01010
10111
00010
11010
11110
01110
00100
10010
11011
10110
11010
00010
10111
01010
10 10 10
0010010001
0110100111
0111000111
0110101111
0010011101
0010010101
0010100111
0100000111
0110000111
0111100111
0110000111
0110100111
0010010101
0111100111
0010010001
0010100111
0110101111
0111000111
0010011101
0100000111
10 10 4
1011
1101
1011
1011
1011
1011
1011
1101
1101
1101
0101
0111
0001
1011
0011
1111
1101
1010
1100
1001
10 10 9
100101010
101100010
011101010
000100011
100100011
100001010
100000010
100100010
100000011
100000011
100100010
000101010
100000010
100101010
011101010
100001010
100100011
100000011
000100011
101100010
10 10 8
01011001
01111000
01011011
01011001
01001011
00100011
01001001
01011001
00100001
01011001
11011001
01111001
00100011
01111000
00011001
01001011
01011001
00100001
01011011
01001001
10 3 2
11
10
10
10
11
00
01
10
00
11
00
11
10
10 2 9
010110010
111001000
110110101
110011110
111000110
010100101
010010001
001111111
010010111
010011000
110100001
001100011
10 10 9
001000110
001100000
110100010
001110000
000010101
111110101
000110010
001000111
111100100
101000010
001000110
110100010
101000010
001100000
111100100
001000111
111110101
000110010
001110000
000010101
10 3 2
00
10
01
01
10
10
10
11
10
11
10
00
01
10 10 4
0010
1100
1101
1100
1100
1011
1111
0100
1111
1010
1011
0111
0101
1000
0011
0000
0110
0100
1101
1110
10 10 5
01111
11110
00000
00000
00100
01000
10101
11110
11001
00111
01111
01011
00100
00111
00000
11110
10101
11111
01000
11001
10 10 4
0000
1110
1010
0001
0100
1001
0100
1001
0000
0001
0000
0001
1001
1110
0110
1000
1100
0100
0010
1010
10 10 4
0111
1100
0101
1111
0110
1111
1100
0110
0111
0010
0100
1110
1111
0010
0001
1010
1101
1011
1100
0101
10 10 8
00101011
00011001
01110001
00000100
11011101
10000111
11011011
01100011
00100000
10110000
10110000
01110001
11011101
01100011
00100000
00000100
11011011
00011001
10000111
00101011
10 10 8
10110110
10001011
10011011
10100010
01001000
10011000
00010110
01101010
00101011
00000011
11010100
01101011
01110001
00000101
00111001
00101001
00010110
00100001
11111100
10101110
10 10 10
0010001011
1011011010
0111110110
0001110101
1000111101
0111110101
0101111110
0000101101
0010101100
1111000011
0111110101
1111000011
0010101100
0010001011
1000111101
0001110101
1011011010
0111110110
0000101101
0101111110
10 10 10
1001111111
1001111111
1001111111
1001111101
1010001011
1010011011
1011111101
1010111101
1011111111
1001111101
1000101011
0000100110
1110110111
0100101111
0111111110
1001001000
0111101111
0110111111
1100000000
0011010111
10 10 5
00001
00010
01110
10000
11000
11100
11001
11110
10010
11000
11110
10000
00001
10010
00010
11000
11100
01110
11001
10001
10 10 5
00001
10011
10110
11000
01010
01000
00111
10010
00011
00110
10010
10011
10110
11000
01010
01000
00111
00110
00011
00001
10 10 5
11001
11010
11010
11011
10010
10100
11000
10100
11001
10000
11000
01001
10100
10000
11001
11101
11011
10010
11010
10001
10 10 4
0100
1100
0100
0100
1100
1100
1100
1100
0111
1100
1111
0111
1000
0100
1101
0000
1110
1100
0101
0110
10 10 7
1011001
1111110
0100101
1101101
0111100
1011110
0001100
1111001
0010010
0111010
1011100
0101110
0100010
1000010
1010101
1011010
0111011
1010010
0000101
1011001
