100
85 811276
453 743174
16 26
450048 521160
767863 767867
523 255700
817 426481
31 680851
235 103355
231 870532
611 540328
120766 306767
357 553326
8 487842
33566 670278
665067 665075
825 423624
505 315427
174 516265
410111 452076
454 753108
87 151121
137 272082
1 1000000
183812 441808
100 256688
504514 504518
506741 531214
130231 130234
802 433468
626 444622
58756 58765
276 747481
401 860102
807 457683
730388 735402
263264 263272
565618 683660
741 632183
564 540400
716 666868
443 776356
44578 610532
330 106850
2 3
517 510208
482646 482650
1218 1222
241 206381
373 647105
871 768100
334102 478214
730 367486
582 685610
77776 77777
212 806812
1 2
455 763248
88 102
563365 563368
231374 231383
445280 445282
208 550434
137714 137721
832123 832125
53072 734744
140 554327
143 285326
425 316418
281 731118
582 230857
16 860036
35 523682
142 223370
705 185621
813 838265
465216 471728
443 337661
483252 580007
518466 518468
776353 776360
240 140240
524 173672
510 181887
363440 682746
728 217434
538742 547261
442437 442446
604363 604367
1131 871163
414051 414058
827 100464
371281 371284
860 530247
378726 732885
327435 654470
52558 52566
251580 833125
103488 674755
841 685848
