100
92 4 698785678853815598
47 47 0
60 60 0
20 20 0
45 45 0
92 13 205721496130388370
20 20 0
1 1 1
38 38 1
64 64 0
69 69 1
21 21 0
58 58 0
36 36 0
53 53 0
51 51 0
4 4 1
24 24 1
44 44 0
97 6 409664763970843844
86 86 0
23 23 0
65 65 0
7 7 1
40 40 1
80 80 1
92 46 28329798870905
5 5 0
39 39 0
51 51 1
61 61 0
24 24 0
64 64 1
31 31 0
47 47 0
12 12 0
40 40 0
43 43 1
14 14 1
15 15 1
45 45 1
67 67 1
42 42 0
92 92 0
13 13 0
2 2 1
44 44 0
65 65 1
18 18 1
16 16 0
87 87 0
33 33 1
1 1 1
89 89 0
10 10 0
34 34 0
60 60 1
82 82 0
63 63 1
36 36 0
80 80 0
79 79 0
23 23 0
56 56 0
28 28 1
22 22 0
46 46 0
38 38 1
53 53 1
76 76 1
17 17 1
73 73 1
29 29 0
91 45 35944747214632
67 67 1
6 6 1
44 44 1
83 83 0
46 46 1
61 61 1
62 62 1
42 42 1
53 53 1
43 43 1
12 12 0
54 54 1
81 81 0
59 59 0
33 33 1
68 68 0
88 88 1
56 56 0
15 15 1
19 19 1
23 23 0
64 64 1
89 89 0
3 3 0
86 86 1
49 49 0
11 11 0
22 22 1
70 70 1
28 28 1
13 13 0
1 1 0
58 58 0
2 2 1
26 26 0
35 35 1
20 20 1
25 25 1
72 72 0
55 55 1
31 31 0
18 18 0
34 34 1
9 9 0
77 77 1
96 5 900646593250246531
95 95 0
60 60 1
19 19 0
50 50 0
43 43 1
96 43 6808372451299310
13 13 0
51 51 1
64 64 1
24 24 1
2 2 1
82 82 0
46 46 1
31 31 0
69 69 0
50 50 1
84 84 1
11 11 0
73 73 1
71 71 1
94 94 0
39 39 1
16 16 1
88 88 0
72 72 0
81 81 1
75 75 0
27 27 0
59 59 1
18 18 1
37 37 0
56 56 0
79 79 0
40 40 0
93 93 1
42 42 1
1 1 1
29 29 0
89 89 1
43 43 1
19 19 0
41 41 1
55 55 0
92 92 1
52 52 0
28 28 0
26 26 1
67 67 1
21 21 0
93 59 15359866536
66 66 0
85 85 1
73 73 1
57 57 1
26 26 0
62 62 0
10 10 1
36 36 0
33 33 0
51 51 0
64 64 0
28 28 0
32 32 0
53 53 0
21 21 0
84 84 0
5 5 0
15 15 0
38 38 0
9 9 1
8 8 0
74 74 1
65 65 1
48 48 0
37 37 1
59 59 0
3 3 0
88 88 1
25 25 0
72 72 1
86 86 0
23 23 0
44 44 1
80 80 0
79 79 0
75 75 1
43 43 0
6 6 0
77 77 1
12 12 1
2 2 1
58 58 1
70 70 1
19 19 0
76 76 0
68 68 1
7 7 1
52 52 0
71 71 0
30 30 0
41 41 0
1 1 0
90 90 1
60 60 1
89 89 1
29 29 0
93 93 0
13 13 1
78 78 0
95 28 280293324899230954
38 38 0
76 76 0
83 83 1
55 55 1
94 94 0
26 26 1
1 1 0
84 84 0
32 32 0
56 56 0
69 69 0
70 70 1
39 39 0
48 48 0
87 87 1
62 62 1
43 43 1
4 4 0
16 16 1
77 77 1
35 35 0
10 10 1
25 25 1
91 91 1
42 42 1
63 63 0
86 86 0
45 45 0
95 26 288846397759468738
13 13 0
21 21 0
17 17 1
11 11 0
73 73 1
23 23 0
90 90 0
95 95 1
33 33 1
42 42 1
20 20 0
56 56 1
79 79 1
66 66 0
37 37 0
22 22 1
30 30 0
24 24 1
65 65 0
2 2 0
78 78 1
48 48 1
26 26 1
7 7 1
47 47 1
80 80 0
97 67 625353845
44 44 0
41 41 1
36 36 0
47 47 1
95 95 0
20 20 0
64 64 1
43 43 1
40 40 1
29 29 1
42 42 0
23 23 0
11 11 1
24 24 0
18 18 0
85 85 0
70 70 0
7 7 1
91 91 0
90 90 0
87 87 0
46 46 1
68 68 1
32 32 0
74 74 1
65 65 1
3 3 1
48 48 1
88 88 1
50 50 0
17 17 1
93 93 1
62 62 1
94 94 0
60 60 0
25 25 0
66 66 0
61 61 0
54 54 1
13 13 1
83 83 1
75 75 1
34 34 0
80 80 1
63 63 1
4 4 0
30 30 1
39 39 1
57 57 1
45 45 0
2 2 1
26 26 1
92 92 1
86 86 1
1 1 1
12 12 0
49 49 1
37 37 1
59 59 0
73 73 1
89 89 1
35 35 0
76 76 1
77 77 1
69 69 0
78 78 0
10 10 0
6 4 3
3 3 0
1 1 0
6 6 0
5 5 1
8 3 9
1 1 0
7 7 1
2 2 0
92 5 605927699763112159
55 55 0
72 72 0
36 36 0
11 11 1
20 20 0
7 6 2
2 2 0
5 5 0
7 7 1
3 3 1
1 1 1
6 6 0
96 10 963957156789202369
44 44 0
59 59 1
78 78 0
33 33 1
45 45 0
83 83 1
48 48 0
18 18 1
5 5 0
51 51 0
96 57 452342219940
72 72 0
35 35 0
38 38 1
45 45 0
9 9 0
7 7 1
82 82 0
85 85 1
16 16 1
58 58 0
57 57 0
50 50 0
21 21 1
11 11 1
51 51 0
28 28 0
66 66 0
89 89 0
75 75 0
80 80 0
96 96 0
60 60 1
53 53 0
68 68 1
40 40 1
39 39 0
4 4 0
90 90 0
23 23 0
70 70 0
26 26 1
37 37 0
31 31 0
18 18 0
24 24 1
44 44 0
63 63 1
78 78 0
71 71 0
84 84 0
47 47 0
30 30 1
33 33 0
6 6 1
34 34 1
43 43 0
59 59 0
67 67 0
87 87 0
2 2 1
3 3 1
29 29 1
74 74 1
69 69 0
19 19 0
10 10 0
49 49 1
94 50 2037735540292
82 82 1
20 20 0
53 53 0
8 8 0
6 6 1
88 88 0
39 39 0
7 7 1
5 5 0
85 85 0
89 89 0
62 62 1
78 78 1
67 67 0
84 84 0
43 43 0
17 17 1
54 54 1
79 79 1
93 93 1
86 86 1
21 21 0
76 76 0
13 13 0
91 91 0
34 34 1
19 19 0
36 36 1
1 1 0
30 30 0
55 55 1
58 58 0
81 81 0
45 45 1
47 47 1
14 14 1
4 4 1
75 75 0
44 44 1
11 11 1
83 83 0
28 28 1
37 37 0
61 61 0
10 10 0
90 90 0
68 68 1
42 42 0
74 74 1
24 24 0
98 59 505746284946
66 66 0
26 26 0
65 65 0
9 9 1
82 82 0
10 10 0
75 75 0
12 12 1
95 95 0
78 78 1
56 56 0
18 18 0
32 32 1
92 92 0
68 68 0
14 14 0
20 20 0
33 33 1
47 47 1
38 38 1
58 58 0
42 42 1
94 94 1
30 30 1
59 59 1
52 52 0
45 45 1
46 46 0
93 93 0
44 44 0
67 67 0
90 90 1
8 8 0
43 43 0
49 49 1
87 87 1
16 16 0
62 62 0
64 64 0
83 83 0
48 48 0
61 61 1
55 55 1
5 5 1
96 96 1
25 25 1
77 77 0
63 63 1
91 91 0
40 40 0
84 84 0
97 97 1
81 81 1
71 71 0
35 35 1
69 69 1
15 15 0
74 74 1
86 86 0
94 82 3200
82 82 0
72 72 0
22 22 0
38 38 0
57 57 0
71 71 1
66 66 0
73 73 1
68 68 0
81 81 1
80 80 1
55 55 0
41 41 0
94 94 1
1 1 1
8 8 1
13 13 1
47 47 1
69 69 0
14 14 1
28 28 0
70 70 1
49 49 0
90 90 0
61 61 1
50 50 1
35 35 1
45 45 1
39 39 1
25 25 0
53 53 0
62 62 1
2 2 0
3 3 0
19 19 0
46 46 1
76 76 1
91 91 1
42 42 0
93 93 0
51 51 1
48 48 1
12 12 0
59 59 0
5 5 0
32 32 0
86 86 0
15 15 1
92 92 0
75 75 0
43 43 1
34 34 0
30 30 1
33 33 0
58 58 0
63 63 0
52 52 0
60 60 1
11 11 1
84 84 0
10 10 0
87 87 1
44 44 1
54 54 0
4 4 1
56 56 0
89 89 0
64 64 0
31 31 0
18 18 0
85 85 1
7 7 0
88 88 0
26 26 0
77 77 0
20 20 0
24 24 0
65 65 1
17 17 0
40 40 1
27 27 0
79 79 0
100 72 10136030
53 53 0
62 62 0
79 79 0
48 48 0
3 3 1
27 27 0
14 14 1
100 100 0
6 6 1
41 41 1
70 70 1
67 67 1
8 8 1
78 78 0
71 71 1
76 76 1
73 73 0
22 22 0
24 24 0
88 88 0
72 72 0
19 19 1
9 9 1
80 80 0
4 4 1
45 45 0
59 59 0
90 90 0
33 33 0
98 98 0
16 16 0
1 1 0
94 94 1
28 28 1
47 47 1
87 87 0
11 11 0
42 42 0
31 31 1
55 55 0
77 77 1
64 64 1
58 58 0
44 44 0
60 60 1
36 36 1
99 99 0
68 68 1
29 29 0
32 32 1
34 34 0
13 13 0
84 84 0
2 2 1
5 5 1
35 35 0
10 10 0
20 20 0
82 82 1
12 12 0
56 56 0
74 74 0
95 95 0
57 57 1
86 86 1
39 39 1
93 93 0
65 65 0
91 91 0
23 23 0
15 15 1
49 49 1
93 42 1554682115584210
81 81 0
72 72 0
93 93 0
70 70 1
31 31 1
29 29 1
38 38 0
9 9 0
36 36 0
11 11 0
28 28 1
58 58 1
88 88 1
66 66 0
82 82 1
21 21 1
60 60 1
90 90 1
86 86 0
8 8 0
40 40 0
71 71 0
57 57 1
14 14 1
78 78 0
5 5 1
43 43 1
69 69 0
16 16 1
80 80 1
24 24 0
3 3 1
23 23 0
7 7 1
41 41 1
89 89 1
45 45 0
76 76 1
33 33 1
47 47 1
67 67 1
27 27 0
100 37 959282104140400609
58 58 1
70 70 0
62 62 1
68 68 1
79 79 1
55 55 1
6 6 0
33 33 1
8 8 0
92 92 1
11 11 1
34 34 0
91 91 0
18 18 0
9 9 0
31 31 0
82 82 0
75 75 1
60 60 1
46 46 0
88 88 0
65 65 1
45 45 1
57 57 1
1 1 1
47 47 1
30 30 0
71 71 1
56 56 0
87 87 0
67 67 1
95 95 0
94 94 0
59 59 0
38 38 1
17 17 0
80 80 1
96 17 801597637728681572
34 34 1
9 9 1
85 85 1
33 33 1
4 4 0
5 5 0
71 71 0
38 38 0
62 62 1
32 32 0
18 18 1
61 61 1
96 96 1
26 26 0
29 29 0
94 94 1
83 83 1
97 20 813961854803396508
36 36 0
77 77 1
26 26 0
10 10 1
94 94 0
83 83 1
33 33 0
31 31 0
2 2 1
19 19 0
43 43 1
13 13 1
25 25 0
89 89 0
30 30 1
21 21 0
3 3 1
74 74 1
47 47 1
6 6 1
96 51 33635679611884
52 52 1
6 6 1
53 53 0
11 11 1
58 58 0
12 12 0
91 91 0
79 79 0
31 31 1
63 63 1
21 21 0
9 9 0
33 33 0
64 64 0
77 77 1
42 42 0
89 89 1
41 41 0
90 90 1
4 4 0
94 94 1
86 86 0
87 87 0
7 7 0
74 74 1
38 38 0
24 24 0
70 70 0
47 47 0
81 81 0
60 60 1
32 32 0
10 10 1
40 40 0
85 85 1
56 56 0
30 30 1
20 20 1
17 17 0
35 35 1
1 1 0
67 67 1
43 43 1
5 5 0
25 25 1
36 36 1
39 39 0
96 96 0
16 16 1
49 49 1
76 76 0
94 52 1976785633873
35 35 1
58 58 0
64 64 0
66 66 1
62 62 1
93 93 0
50 50 0
22 22 0
18 18 1
10 10 1
9 9 1
11 11 0
81 81 0
1 1 1
78 78 0
38 38 1
85 85 1
52 52 0
15 15 0
45 45 0
4 4 1
12 12 1
49 49 0
39 39 1
16 16 1
46 46 0
51 51 1
57 57 0
65 65 1
84 84 0
88 88 1
54 54 0
71 71 0
56 56 0
25 25 1
47 47 0
68 68 0
77 77 0
60 60 0
31 31 0
23 23 1
87 87 0
28 28 0
37 37 1
19 19 0
72 72 0
63 63 1
26 26 1
8 8 0
34 34 1
17 17 1
80 80 1
5 1 2
4 4 1
91 46 1330096856868
44 44 0
55 55 1
70 70 1
52 52 1
8 8 0
29 29 0
16 16 1
85 85 0
89 89 1
34 34 1
90 90 0
57 57 1
26 26 1
27 27 0
87 87 1
6 6 1
37 37 0
5 5 0
18 18 0
28 28 0
40 40 0
76 76 0
60 60 1
80 80 1
42 42 0
91 91 1
78 78 0
73 73 0
43 43 1
61 61 1
20 20 0
25 25 1
30 30 1
59 59 1
14 14 1
63 63 0
19 19 1
13 13 0
86 86 1
84 84 1
38 38 1
71 71 0
17 17 0
75 75 1
36 36 0
10 10 0
100 57 5329395626732
40 40 0
13 13 1
68 68 0
81 81 1
47 47 0
100 100 1
83 83 1
18 18 1
77 77 1
35 35 0
26 26 1
21 21 0
59 59 1
1 1 1
79 79 0
24 24 1
27 27 1
99 99 0
29 29 1
53 53 0
7 7 0
42 42 1
19 19 0
8 8 1
20 20 1
75 75 0
54 54 0
30 30 0
15 15 0
80 80 1
9 9 0
43 43 0
3 3 1
41 41 1
31 31 1
6 6 1
52 52 1
57 57 0
44 44 0
96 96 1
93 93 0
22 22 0
76 76 1
60 60 1
45 45 1
23 23 1
82 82 0
4 4 1
14 14 1
11 11 1
38 38 1
58 58 1
86 86 1
32 32 1
17 17 0
55 55 1
72 72 0
92 64 128323431
52 52 0
75 75 0
26 26 0
20 20 1
80 80 0
25 25 0
13 13 1
38 38 0
54 54 0
30 30 0
83 83 0
77 77 1
37 37 0
78 78 0
18 18 0
59 59 0
66 66 1
76 76 0
28 28 0
60 60 1
55 55 0
6 6 1
2 2 1
9 9 1
3 3 0
29 29 1
23 23 1
43 43 0
84 84 1
33 33 0
40 40 0
11 11 0
67 67 0
65 65 0
32 32 0
31 31 1
50 50 1
79 79 1
82 82 1
49 49 1
74 74 1
70 70 0
22 22 0
92 92 0
16 16 1
61 61 0
72 72 1
36 36 1
71 71 1
19 19 0
17 17 0
91 91 1
51 51 0
10 10 1
44 44 0
81 81 0
42 42 1
1 1 0
41 41 0
86 86 1
69 69 1
34 34 0
64 64 0
58 58 0
9 4 17
1 1 1
6 6 1
8 8 1
9 9 0
98 93 8
28 28 1
68 68 1
72 72 0
27 27 0
13 13 0
36 36 1
65 65 0
80 80 1
60 60 0
16 16 1
97 97 0
88 88 0
61 61 1
95 95 0
77 77 1
1 1 1
69 69 1
66 66 0
2 2 1
42 42 0
91 91 0
26 26 1
8 8 1
67 67 0
17 17 0
58 58 1
59 59 1
19 19 1
96 96 0
41 41 0
98 98 1
87 87 1
55 55 0
82 82 0
43 43 0
15 15 0
86 86 1
94 94 0
6 6 1
32 32 1
70 70 1
9 9 1
10 10 1
51 51 1
49 49 0
57 57 0
22 22 1
92 92 1
50 50 1
52 52 0
48 48 1
71 71 0
78 78 1
5 5 0
31 31 0
83 83 0
7 7 0
33 33 1
20 20 1
38 38 0
84 84 1
76 76 1
25 25 1
24 24 0
40 40 1
12 12 1
21 21 0
75 75 0
34 34 1
74 74 0
64 64 0
23 23 0
47 47 0
14 14 0
89 89 1
3 3 1
90 90 1
73 73 1
81 81 1
56 56 1
45 45 1
4 4 0
46 46 1
37 37 0
79 79 1
93 93 0
11 11 0
18 18 1
30 30 0
29 29 0
85 85 1
44 44 0
53 53 0
100 1 1000000000000000000
1 1 1
96 94 3
24 24 0
59 59 1
78 78 1
69 69 1
19 19 0
50 50 0
74 74 1
33 33 1
17 17 1
2 2 1
52 52 0
15 15 1
83 83 0
3 3 0
34 34 0
47 47 1
61 61 0
71 71 1
72 72 1
73 73 0
90 90 0
8 8 1
22 22 1
14 14 1
23 23 0
39 39 1
18 18 0
28 28 0
75 75 0
91 91 0
68 68 1
21 21 1
38 38 0
4 4 0
36 36 0
81 81 0
65 65 1
16 16 0
27 27 0
10 10 0
56 56 1
51 51 1
30 30 0
6 6 1
1 1 0
12 12 0
79 79 0
25 25 1
42 42 0
86 86 0
85 85 1
5 5 1
77 77 1
48 48 0
37 37 1
94 94 0
66 66 1
13 13 0
49 49 0
45 45 0
84 84 0
55 55 1
57 57 0
87 87 0
7 7 0
40 40 1
70 70 1
95 95 0
67 67 1
32 32 0
31 31 1
54 54 0
89 89 0
58 58 0
62 62 1
96 96 0
43 43 0
80 80 0
63 63 1
92 92 0
26 26 1
11 11 0
64 64 0
35 35 0
82 82 0
60 60 1
76 76 1
41 41 1
46 46 1
88 88 0
44 44 1
20 20 0
29 29 1
9 9 1
91 31 19263497848611537
35 35 1
2 2 1
85 85 0
28 28 0
60 60 0
23 23 0
14 14 1
52 52 1
36 36 0
26 26 1
16 16 0
34 34 0
9 9 0
11 11 0
44 44 0
13 13 0
15 15 0
67 67 1
83 83 1
68 68 0
40 40 1
45 45 1
7 7 1
12 12 0
88 88 0
29 29 1
62 62 0
78 78 1
53 53 0
75 75 1
59 59 0
92 47 23084137150094
14 14 0
16 16 1
72 72 0
51 51 1
89 89 0
73 73 1
87 87 1
77 77 1
45 45 1
60 60 1
57 57 0
37 37 1
2 2 1
10 10 0
13 13 0
91 91 1
28 28 0
9 9 1
32 32 1
85 85 1
33 33 1
67 67 1
38 38 0
8 8 0
4 4 1
21 21 1
7 7 0
18 18 0
41 41 0
78 78 1
76 76 0
82 82 1
55 55 1
63 63 1
53 53 1
65 65 0
74 74 1
49 49 1
56 56 0
20 20 1
80 80 0
26 26 1
3 3 0
34 34 0
64 64 0
39 39 1
48 48 0
97 68 202164351
42 42 1
88 88 0
59 59 0
95 95 1
92 92 0
36 36 0
52 52 1
43 43 1
23 23 1
49 49 0
66 66 0
22 22 0
82 82 1
80 80 1
72 72 1
55 55 1
64 64 0
40 40 0
37 37 0
30 30 0
50 50 0
96 96 1
48 48 0
2 2 0
17 17 1
77 77 1
74 74 1
3 3 1
62 62 1
27 27 1
44 44 1
86 86 0
69 69 1
32 32 1
28 28 1
9 9 0
35 35 1
8 8 1
79 79 0
15 15 0
33 33 1
38 38 1
91 91 1
21 21 0
58 58 1
65 65 0
47 47 0
51 51 1
57 57 1
78 78 0
13 13 0
18 18 0
61 61 0
20 20 0
54 54 1
60 60 0
6 6 0
90 90 0
12 12 0
26 26 0
97 97 0
10 10 0
25 25 1
56 56 0
85 85 0
94 94 1
41 41 1
7 7 1
10 2 163
7 7 0
1 1 1
95 7 390329006155109590
8 8 1
53 53 1
21 21 1
39 39 0
36 36 1
54 54 1
71 71 0
92 65 20572240
69 69 1
50 50 0
77 77 0
64 64 1
59 59 1
88 88 0
76 76 1
63 63 0
54 54 1
86 86 0
62 62 0
37 37 1
49 49 1
15 15 0
60 60 1
9 9 1
23 23 1
46 46 1
74 74 0
21 21 1
6 6 0
91 91 0
33 33 1
55 55 1
26 26 0
32 32 1
2 2 0
31 31 0
7 7 1
34 34 1
3 3 0
48 48 0
41 41 1
40 40 1
45 45 1
8 8 0
42 42 0
70 70 0
12 12 0
73 73 0
43 43 0
68 68 1
79 79 1
28 28 0
30 30 0
29 29 1
44 44 0
16 16 0
39 39 0
75 75 0
72 72 0
92 92 1
35 35 1
19 19 0
78 78 1
52 52 1
17 17 0
89 89 0
11 11 0
56 56 0
1 1 1
80 80 1
81 81 1
14 14 1
58 58 1
96 92 2
82 82 0
95 95 0
11 11 1
40 40 0
33 33 1
19 19 1
92 92 1
77 77 1
31 31 0
86 86 0
14 14 0
36 36 0
84 84 0
76 76 0
72 72 1
71 71 0
48 48 0
70 70 1
73 73 0
79 79 0
38 38 1
53 53 1
88 88 0
4 4 0
3 3 0
55 55 1
83 83 0
21 21 0
61 61 1
81 81 0
22 22 0
63 63 0
80 80 1
37 37 0
74 74 1
7 7 1
24 24 1
46 46 1
62 62 0
52 52 0
51 51 1
58 58 1
13 13 1
57 57 1
2 2 0
67 67 1
90 90 0
20 20 1
41 41 1
35 35 0
30 30 0
60 60 0
96 96 1
25 25 1
64 64 1
75 75 0
49 49 1
43 43 1
5 5 0
6 6 0
45 45 1
10 10 0
18 18 1
91 91 1
32 32 1
78 78 1
44 44 1
69 69 1
50 50 1
56 56 0
89 89 1
34 34 0
47 47 1
93 93 0
28 28 0
87 87 1
29 29 0
59 59 0
94 94 1
17 17 0
26 26 0
68 68 1
1 1 0
23 23 1
9 9 1
12 12 0
42 42 1
85 85 0
15 15 1
8 8 0
27 27 1
16 16 0
95 53 815501466975
16 16 1
30 30 0
95 95 1
39 39 1
27 27 0
63 63 0
8 8 1
76 76 1
57 57 0
52 52 1
74 74 0
59 59 0
17 17 0
80 80 0
21 21 1
55 55 1
45 45 0
28 28 1
72 72 0
35 35 0
14 14 1
88 88 0
60 60 0
79 79 1
50 50 0
9 9 0
5 5 1
53 53 1
6 6 0
92 92 1
10 10 1
90 90 1
78 78 1
73 73 1
61 61 1
19 19 0
32 32 1
70 70 0
65 65 1
67 67 0
85 85 1
46 46 1
37 37 1
44 44 0
69 69 1
22 22 1
40 40 1
56 56 1
47 47 1
81 81 0
51 51 0
2 2 1
12 12 0
98 19 448159521249334006
39 39 0
46 46 0
35 35 1
96 96 1
33 33 0
12 12 0
22 22 1
82 82 0
23 23 1
8 8 0
9 9 0
19 19 1
32 32 1
20 20 1
70 70 1
34 34 1
49 49 1
93 93 0
74 74 1
100 14 318279920029836954
16 16 0
49 49 0
91 91 1
22 22 0
48 48 0
1 1 1
100 100 1
41 41 0
64 64 1
40 40 1
6 6 1
50 50 1
32 32 1
55 55 0
91 39 2101532332255572
16 16 0
82 82 0
43 43 1
46 46 0
28 28 0
1 1 1
75 75 1
36 36 0
83 83 1
40 40 1
79 79 1
47 47 0
58 58 1
85 85 1
30 30 0
42 42 1
38 38 0
3 3 0
49 49 1
23 23 0
29 29 1
67 67 0
72 72 1
14 14 0
15 15 0
12 12 1
66 66 1
31 31 1
18 18 1
69 69 0
51 51 1
68 68 0
25 25 1
6 6 0
84 84 0
78 78 0
22 22 1
86 86 0
70 70 1
98 68 447051649
92 92 1
74 74 0
32 32 1
42 42 1
91 91 1
54 54 1
18 18 0
38 38 0
98 98 1
7 7 0
94 94 1
88 88 0
25 25 1
50 50 0
62 62 1
85 85 0
51 51 0
84 84 0
10 10 0
34 34 0
39 39 0
31 31 1
5 5 1
30 30 0
36 36 0
11 11 0
87 87 0
40 40 1
33 33 0
65 65 0
37 37 0
67 67 0
93 93 1
49 49 1
43 43 1
17 17 0
66 66 1
26 26 0
24 24 0
53 53 0
72 72 1
13 13 0
8 8 1
28 28 1
76 76 1
52 52 1
97 97 0
58 58 0
60 60 1
70 70 0
16 16 1
77 77 0
1 1 1
90 90 1
71 71 0
9 9 0
83 83 1
89 89 0
63 63 0
41 41 0
19 19 1
59 59 0
82 82 0
69 69 0
4 4 0
21 21 1
95 95 1
23 23 0
94 50 17076021849811
63 63 0
27 27 1
15 15 1
32 32 1
90 90 0
81 81 1
94 94 1
50 50 1
66 66 1
56 56 1
52 52 1
8 8 1
5 5 1
22 22 1
73 73 0
65 65 0
58 58 0
42 42 1
23 23 1
12 12 1
2 2 1
40 40 0
84 84 0
78 78 0
16 16 0
60 60 1
37 37 0
19 19 0
67 67 0
38 38 1
59 59 0
49 49 1
64 64 1
46 46 0
93 93 0
82 82 1
36 36 1
86 86 0
14 14 1
85 85 0
11 11 1
71 71 1
54 54 1
83 83 0
3 3 0
57 57 0
87 87 1
29 29 0
10 10 1
53 53 1
99 2 508350708882909565
98 98 0
78 78 0
100 70 869005637
55 55 0
90 90 1
77 77 1
32 32 0
49 49 1
14 14 0
94 94 1
18 18 0
88 88 1
68 68 0
58 58 0
8 8 1
93 93 1
19 19 1
82 82 1
71 71 1
48 48 0
96 96 1
45 45 0
60 60 1
26 26 1
56 56 0
41 41 1
95 95 1
84 84 0
6 6 1
76 76 0
11 11 1
100 100 1
36 36 0
3 3 0
35 35 0
34 34 0
69 69 1
21 21 0
42 42 1
62 62 0
13 13 0
5 5 1
31 31 1
79 79 0
99 99 0
89 89 1
30 30 0
53 53 1
44 44 1
17 17 1
23 23 1
16 16 1
7 7 1
57 57 1
28 28 1
66 66 1
50 50 0
80 80 0
61 61 0
52 52 1
72 72 0
25 25 1
47 47 1
91 91 1
33 33 1
27 27 0
10 10 1
20 20 0
9 9 1
24 24 1
22 22 1
87 87 1
54 54 1
5 1 6
1 1 0
91 24 333653074029507544
39 39 1
49 49 1
41 41 1
83 83 0
47 47 1
8 8 1
2 2 1
40 40 0
74 74 0
62 62 0
66 66 1
12 12 0
15 15 0
81 81 0
20 20 0
67 67 0
19 19 1
61 61 0
21 21 1
63 63 0
75 75 0
89 89 0
28 28 1
14 14 1
98 40 173434752641894043
5 5 1
22 22 0
9 9 1
53 53 0
77 77 0
32 32 1
29 29 1
3 3 0
80 80 1
33 33 1
17 17 1
86 86 0
96 96 1
43 43 1
40 40 1
14 14 0
6 6 0
35 35 0
61 61 0
54 54 1
63 63 1
65 65 1
41 41 1
87 87 0
45 45 1
19 19 0
71 71 1
94 94 1
15 15 1
21 21 1
26 26 1
91 91 1
62 62 0
34 34 0
47 47 1
67 67 1
23 23 1
42 42 0
38 38 1
82 82 0
96 38 242609144297530751
44 44 0
55 55 1
75 75 0
7 7 1
84 84 0
33 33 1
34 34 1
38 38 0
21 21 0
92 92 1
82 82 0
26 26 1
74 74 1
17 17 1
45 45 0
35 35 1
42 42 0
78 78 1
88 88 0
15 15 0
77 77 1
57 57 0
25 25 0
3 3 1
14 14 1
16 16 1
68 68 0
27 27 1
46 46 0
79 79 1
9 9 1
59 59 1
63 63 1
31 31 0
94 94 1
70 70 0
64 64 1
83 83 0
93 63 785086776
25 25 1
22 22 0
88 88 0
47 47 0
37 37 0
72 72 1
73 73 1
38 38 0
32 32 0
51 51 1
90 90 1
19 19 1
35 35 0
16 16 0
58 58 0
60 60 0
31 31 1
69 69 1
7 7 1
92 92 1
40 40 1
45 45 0
12 12 0
70 70 0
78 78 0
17 17 1
30 30 0
74 74 0
54 54 0
79 79 0
85 85 1
77 77 0
80 80 0
71 71 0
2 2 0
34 34 1
8 8 0
68 68 0
93 93 0
28 28 1
26 26 1
18 18 1
3 3 0
86 86 0
27 27 1
56 56 1
83 83 0
41 41 1
39 39 1
57 57 1
44 44 1
48 48 0
53 53 0
52 52 0
14 14 1
46 46 1
67 67 1
36 36 0
15 15 0
62 62 1
6 6 1
81 81 0
29 29 0
97 72 412581
46 46 1
51 51 1
3 3 1
15 15 0
50 50 0
59 59 1
61 61 0
1 1 1
76 76 0
18 18 0
94 94 0
42 42 1
91 91 0
80 80 0
39 39 1
10 10 0
11 11 0
16 16 1
69 69 0
40 40 1
4 4 1
22 22 1
84 84 1
7 7 0
67 67 0
9 9 0
38 38 1
53 53 1
93 93 0
30 30 1
66 66 0
8 8 1
31 31 1
35 35 0
6 6 0
45 45 1
43 43 1
74 74 1
60 60 0
97 97 0
77 77 0
54 54 1
2 2 0
57 57 0
26 26 0
37 37 1
20 20 0
12 12 1
86 86 0
65 65 0
5 5 0
14 14 1
83 83 0
34 34 1
33 33 1
13 13 1
52 52 1
36 36 0
78 78 0
24 24 1
64 64 1
88 88 0
72 72 1
41 41 0
21 21 1
58 58 0
49 49 1
55 55 0
63 63 0
75 75 1
87 87 1
17 17 0
97 87 282
19 19 0
29 29 0
92 92 0
56 56 0
93 93 0
45 45 0
57 57 0
79 79 0
40 40 0
11 11 0
30 30 0
4 4 0
74 74 0
55 55 0
76 76 0
31 31 1
50 50 1
38 38 1
12 12 1
42 42 1
26 26 0
88 88 1
47 47 0
27 27 1
8 8 0
60 60 1
2 2 1
87 87 0
39 39 0
14 14 1
51 51 0
67 67 0
15 15 1
48 48 0
28 28 0
33 33 1
63 63 0
3 3 1
65 65 1
7 7 1
61 61 0
80 80 1
35 35 1
59 59 1
96 96 1
17 17 1
70 70 0
78 78 1
72 72 1
41 41 0
20 20 1
66 66 1
49 49 0
25 25 0
5 5 0
18 18 0
43 43 1
22 22 0
53 53 0
85 85 0
23 23 0
77 77 1
83 83 1
44 44 0
73 73 0
86 86 0
71 71 0
69 69 1
37 37 0
54 54 0
68 68 1
6 6 1
36 36 0
32 32 1
81 81 0
75 75 1
95 95 0
84 84 0
10 10 0
16 16 0
52 52 1
94 94 1
91 91 1
24 24 0
9 9 1
46 46 0
97 97 1
91 48 6102294744796
30 30 0
5 5 1
12 12 1
16 16 0
21 21 1
70 70 0
72 72 0
36 36 0
38 38 1
61 61 1
81 81 1
87 87 1
44 44 1
1 1 0
89 89 0
10 10 0
32 32 1
50 50 0
62 62 1
27 27 1
35 35 0
68 68 0
41 41 0
4 4 1
29 29 1
43 43 1
74 74 1
85 85 0
2 2 0
51 51 1
54 54 0
71 71 1
8 8 0
58 58 0
55 55 1
14 14 1
77 77 1
79 79 0
53 53 1
76 76 0
60 60 0
65 65 0
80 80 0
86 86 1
6 6 1
11 11 1
56 56 0
88 88 1
95 52 8397377866837
23 23 1
89 89 0
68 68 0
40 40 1
24 24 0
51 51 1
47 47 1
83 83 1
95 95 0
46 46 1
80 80 0
25 25 1
9 9 0
54 54 0
84 84 0
61 61 0
12 12 1
22 22 0
63 63 1
66 66 0
6 6 1
94 94 1
27 27 0
33 33 0
35 35 1
20 20 0
37 37 1
81 81 0
73 73 0
2 2 1
49 49 0
21 21 0
29 29 0
60 60 1
88 88 0
11 11 1
43 43 1
78 78 1
44 44 0
1 1 1
17 17 1
52 52 0
71 71 0
53 53 1
28 28 1
38 38 0
76 76 1
32 32 0
19 19 1
16 16 1
62 62 1
50 50 0
99 63 1243601067
6 6 0
19 19 1
46 46 1
31 31 0
95 95 0
10 10 0
37 37 1
14 14 1
35 35 1
3 3 1
86 86 1
57 57 0
38 38 1
45 45 1
65 65 1
78 78 1
23 23 0
30 30 1
62 62 0
18 18 0
56 56 1
16 16 1
26 26 0
85 85 1
91 91 0
8 8 0
80 80 0
21 21 1
98 98 0
84 84 1
27 27 1
22 22 1
43 43 0
67 67 0
76 76 0
88 88 0
1 1 1
17 17 0
58 58 0
68 68 0
54 54 0
2 2 0
24 24 1
73 73 0
94 94 0
61 61 1
7 7 1
4 4 0
97 97 1
40 40 0
53 53 0
28 28 1
20 20 0
81 81 0
69 69 0
47 47 1
63 63 0
60 60 1
44 44 0
75 75 0
77 77 1
15 15 0
74 74 0
91 7 726334656893349180
7 7 1
3 3 0
30 30 1
31 31 1
53 53 1
73 73 1
78 78 0
95 38 41018337137061097
66 66 1
90 90 0
94 94 1
22 22 0
63 63 1
31 31 0
23 23 1
89 89 1
9 9 1
59 59 0
14 14 1
83 83 0
19 19 1
55 55 1
52 52 0
56 56 1
30 30 1
92 92 0
17 17 1
86 86 1
5 5 1
42 42 1
60 60 0
11 11 1
32 32 0
34 34 0
85 85 0
24 24 0
3 3 0
71 71 1
2 2 1
81 81 0
80 80 0
57 57 0
6 6 1
54 54 0
20 20 1
10 10 0
93 56 113798102380
73 73 0
36 36 1
54 54 1
78 78 1
87 87 0
10 10 1
9 9 1
13 13 1
76 76 1
67 67 0
66 66 0
86 86 1
23 23 0
84 84 1
40 40 0
25 25 1
80 80 0
41 41 1
58 58 1
30 30 1
12 12 1
38 38 0
39 39 0
48 48 1
64 64 1
32 32 0
92 92 1
24 24 0
6 6 1
8 8 1
91 91 1
16 16 1
69 69 0
71 71 1
15 15 1
50 50 0
29 29 0
37 37 1
46 46 0
49 49 0
21 21 1
75 75 0
18 18 0
68 68 0
81 81 0
93 93 0
90 90 0
2 2 0
35 35 1
53 53 0
62 62 1
47 47 0
59 59 1
88 88 1
51 51 0
43 43 1
9 7 3
6 6 1
8 8 1
1 1 0
4 4 0
2 2 0
7 7 1
3 3 0
97 22 853270309688748616
53 53 0
23 23 1
39 39 0
5 5 0
45 45 1
65 65 0
26 26 1
25 25 1
33 33 1
59 59 0
89 89 1
66 66 1
22 22 0
29 29 1
3 3 1
37 37 0
47 47 0
44 44 1
21 21 0
50 50 0
79 79 0
72 72 0
97 3 935068610414151185
26 26 1
6 6 1
67 67 1
95 25 173010950862407657
63 63 0
14 14 0
95 95 0
47 47 0
72 72 1
24 24 0
2 2 1
71 71 1
88 88 0
31 31 1
92 92 0
35 35 0
94 94 1
34 34 0
21 21 0
36 36 1
3 3 1
62 62 0
61 61 1
4 4 1
59 59 1
23 23 1
86 86 0
46 46 0
32 32 0
95 66 77330576
45 45 1
24 24 0
30 30 1
84 84 1
52 52 0
43 43 0
78 78 1
89 89 0
55 55 0
65 65 1
13 13 0
74 74 0
44 44 1
72 72 0
42 42 0
69 69 0
25 25 0
48 48 1
16 16 0
53 53 0
76 76 0
93 93 1
1 1 1
17 17 1
4 4 0
21 21 0
22 22 1
92 92 0
3 3 1
11 11 1
32 32 0
61 61 1
73 73 0
77 77 0
8 8 0
57 57 1
20 20 1
46 46 0
28 28 0
34 34 1
31 31 1
66 66 1
23 23 1
35 35 0
14 14 1
7 7 1
27 27 0
71 71 1
37 37 0
26 26 1
87 87 1
5 5 1
36 36 0
15 15 0
12 12 0
6 6 1
82 82 0
47 47 0
75 75 0
9 9 1
10 10 0
18 18 0
58 58 0
79 79 1
68 68 0
19 19 1
5 4 2
5 5 0
3 3 1
1 1 1
2 2 0
94 43 1615081378750825
46 46 0
29 29 1
57 57 0
50 50 1
74 74 0
77 77 1
52 52 0
34 34 0
38 38 1
7 7 0
24 24 0
17 17 1
71 71 0
72 72 0
16 16 1
31 31 0
4 4 1
51 51 1
22 22 0
41 41 0
23 23 0
70 70 0
40 40 0
53 53 0
79 79 0
67 67 1
61 61 0
90 90 0
89 89 0
88 88 1
73 73 1
66 66 1
60 60 0
13 13 0
86 86 1
39 39 1
32 32 0
83 83 1
93 93 0
5 5 0
43 43 0
63 63 1
91 91 1
96 53 5306074423369
21 21 0
35 35 1
44 44 1
15 15 0
74 74 0
71 71 0
61 61 0
81 81 0
11 11 0
92 92 0
16 16 1
34 34 0
84 84 0
24 24 1
14 14 0
38 38 1
57 57 1
83 83 1
75 75 1
77 77 1
36 36 0
8 8 1
54 54 1
94 94 0
48 48 0
52 52 0
68 68 0
13 13 0
6 6 0
82 82 1
60 60 0
62 62 0
49 49 0
56 56 1
40 40 0
65 65 1
53 53 1
73 73 0
3 3 0
50 50 1
80 80 1
58 58 1
1 1 1
89 89 0
31 31 0
22 22 0
55 55 1
19 19 0
45 45 0
37 37 0
87 87 0
72 72 0
9 9 1
98 98 1
4 4 1
15 15 0
59 59 0
39 39 0
80 80 0
95 95 1
24 24 1
22 22 1
94 94 1
73 73 1
67 67 1
70 70 1
1 1 0
28 28 0
83 83 0
32 32 0
45 45 1
86 86 1
14 14 1
41 41 1
96 96 0
37 37 1
7 7 1
61 61 0
65 65 1
31 31 0
44 44 0
75 75 1
17 17 1
3 3 1
10 10 0
51 51 1
42 42 1
97 97 1
25 25 0
19 19 0
12 12 0
71 71 0
48 48 0
20 20 0
55 55 0
27 27 1
26 26 1
56 56 1
91 91 1
18 18 0
90 90 0
13 13 0
52 52 0
72 72 0
35 35 0
6 6 0
87 87 1
81 81 1
21 21 1
74 74 1
53 53 0
5 5 0
79 79 1
54 54 1
38 38 0
84 84 1
34 34 1
66 66 1
40 40 1
92 92 1
63 63 1
50 50 1
88 88 1
85 85 0
43 43 1
8 8 1
62 62 0
68 68 0
64 64 1
47 47 1
57 57 0
98 98 0
60 60 0
69 69 1
30 30 1
36 36 1
46 46 0
16 16 1
33 33 1
93 93 0
49 49 1
23 23 1
9 9 0
89 89 0
58 58 1
29 29 0
76 76 1
2 2 0
82 82 1
11 11 0
77 77 0
78 78 1
7 1 17
6 6 1
100 100 1
1 1 1
2 2 1
3 3 1
4 4 1
5 5 0
6 6 0
7 7 1
8 8 1
9 9 0
10 10 0
11 11 0
12 12 0
13 13 1
14 14 1
15 15 1
16 16 0
17 17 0
18 18 1
19 19 0
20 20 1
21 21 1
22 22 1
23 23 0
24 24 0
25 25 1
26 26 1
27 27 1
28 28 1
29 29 0
30 30 0
31 31 1
32 32 1
33 33 0
34 34 0
35 35 1
36 36 0
37 37 0
38 38 0
39 39 1
40 40 1
41 41 1
42 42 0
43 43 0
44 44 0
45 45 1
46 46 1
47 47 1
48 48 1
49 49 0
50 50 1
51 51 0
52 52 1
53 53 0
54 54 1
55 55 1
56 56 1
57 57 1
58 58 0
59 59 1
60 60 1
61 61 1
62 62 0
63 63 1
64 64 1
65 65 0
66 66 1
67 67 1
68 68 1
69 69 0
70 70 1
71 71 0
72 72 0
73 73 0
74 74 0
75 75 0
76 76 0
77 77 1
78 78 0
79 79 0
80 80 1
81 81 1
82 82 0
83 83 1
84 84 0
85 85 0
86 86 1
87 87 1
88 88 1
89 89 0
90 90 1
91 91 0
92 92 1
93 93 1
94 94 0
95 95 0
96 96 1
97 97 1
98 98 0
99 99 0
100 100 1
99 24 946786749565614487
98 98 1
41 41 0
24 24 1
66 66 1
90 90 0
73 73 0
48 48 0
57 57 0
46 46 1
1 1 1
68 68 1
49 49 1
22 22 1
14 14 0
26 26 1
52 52 0
82 82 1
83 83 1
10 10 1
50 50 1
4 4 1
27 27 1
70 70 1
55 55 0
91 81 192
86 86 0
40 40 1
14 14 0
47 47 0
52 52 0
64 64 1
33 33 0
53 53 1
6 6 1
49 49 1
66 66 1
2 2 0
80 80 1
75 75 0
56 56 1
59 59 0
65 65 1
45 45 1
32 32 1
28 28 0
69 69 0
23 23 1
82 82 0
44 44 1
30 30 0
84 84 1
87 87 1
16 16 1
35 35 1
90 90 1
51 51 0
38 38 0
76 76 1
5 5 1
37 37 1
46 46 0
22 22 0
34 34 0
7 7 0
9 9 0
41 41 1
83 83 1
79 79 1
3 3 1
68 68 0
29 29 1
18 18 0
89 89 1
42 42 0
54 54 0
13 13 0
55 55 1
67 67 1
31 31 0
63 63 1
15 15 0
85 85 1
1 1 1
73 73 1
8 8 0
11 11 0
91 91 0
74 74 1
48 48 0
71 71 0
58 58 1
78 78 1
10 10 0
20 20 1
26 26 1
19 19 0
77 77 1
27 27 1
50 50 1
21 21 1
24 24 1
81 81 1
57 57 1
36 36 0
61 61 1
72 72 1
95 16 518431593522893190
44 44 0
53 53 1
83 83 1
94 94 1
95 95 1
65 65 0
59 59 0
46 46 1
15 15 0
40 40 0
66 66 0
92 92 0
51 51 0
26 26 1
89 89 1
64 64 1
91 28 154047266045527551
6 6 1
70 70 0
64 64 1
51 51 1
73 73 0
38 38 1
7 7 1
46 46 1
1 1 0
60 60 1
40 40 1
62 62 1
75 75 1
61 61 1
14 14 0
54 54 0
59 59 0
52 52 0
58 58 1
26 26 1
4 4 0
53 53 0
84 84 1
78 78 1
11 11 1
81 81 0
20 20 0
37 37 0
93 45 137128218092927
36 36 1
8 8 1
84 84 0
13 13 0
74 74 0
64 64 0
7 7 0
16 16 0
25 25 0
50 50 0
11 11 0
48 48 0
54 54 1
47 47 1
58 58 1
21 21 0
31 31 0
76 76 0
28 28 0
1 1 0
68 68 0
46 46 0
60 60 0
24 24 1
88 88 1
20 20 1
30 30 0
22 22 1
37 37 1
27 27 0
10 10 0
3 3 1
90 90 1
43 43 1
93 93 0
35 35 0
26 26 1
19 19 0
55 55 1
6 6 1
4 4 0
34 34 1
77 77 0
32 32 0
79 79 1
94 93 1
91 91 1
60 60 0
27 27 1
7 7 0
83 83 0
16 16 1
43 43 0
62 62 0
78 78 0
94 94 0
80 80 1
42 42 1
36 36 1
2 2 0
90 90 0
85 85 1
38 38 1
61 61 1
44 44 1
4 4 1
84 84 1
87 87 1
32 32 0
1 1 1
13 13 1
50 50 0
58 58 0
11 11 1
81 81 0
17 17 0
68 68 0
71 71 0
93 93 0
77 77 1
52 52 1
54 54 0
82 82 0
55 55 0
26 26 0
70 70 0
63 63 0
92 92 0
29 29 0
34 34 0
18 18 0
8 8 0
24 24 1
59 59 1
66 66 1
33 33 0
22 22 0
79 79 0
45 45 0
51 51 1
19 19 0
65 65 0
48 48 0
21 21 1
40 40 1
74 74 0
67 67 1
56 56 1
49 49 0
89 89 1
88 88 1
31 31 0
37 37 0
73 73 1
12 12 1
69 69 1
20 20 1
57 57 0
28 28 0
14 14 0
30 30 0
39 39 0
9 9 0
25 25 1
72 72 1
10 10 0
53 53 1
76 76 0
47 47 0
15 15 0
6 6 0
41 41 0
23 23 1
64 64 0
75 75 1
3 3 1
35 35 0
46 46 0
5 5 0
91 51 346252612741
23 23 1
61 61 0
42 42 0
86 86 0
9 9 1
57 57 1
90 90 0
87 87 1
22 22 0
55 55 0
78 78 0
88 88 0
19 19 1
47 47 1
1 1 1
29 29 0
51 51 1
30 30 0
26 26 0
12 12 1
80 80 1
73 73 1
33 33 0
46 46 1
16 16 0
5 5 0
39 39 1
17 17 1
25 25 0
56 56 0
52 52 0
77 77 1
50 50 1
84 84 1
82 82 1
71 71 0
32 32 1
10 10 1
81 81 1
21 21 1
67 67 0
64 64 1
45 45 0
15 15 0
48 48 0
31 31 1
75 75 1
65 65 0
89 89 0
35 35 1
43 43 1
100 30 273401404712270983
45 45 1
93 93 1
28 28 0
73 73 0
58 58 1
99 99 0
2 2 1
80 80 1
4 4 0
95 95 1
69 69 0
67 67 1
62 62 0
43 43 1
32 32 0
47 47 1
50 50 1
55 55 1
65 65 0
78 78 0
56 56 1
33 33 1
16 16 0
46 46 1
10 10 0
21 21 0
6 6 0
38 38 1
77 77 0
81 81 0
95 10 976279642036813780
22 22 1
82 82 0
72 72 0
8 8 0
70 70 0
33 33 0
43 43 1
32 32 0
44 44 0
11 11 1
99 73 29465771
73 73 1
66 66 0
14 14 0
36 36 1
28 28 0
2 2 1
10 10 0
92 92 1
27 27 1
12 12 1
24 24 1
42 42 1
87 87 1
43 43 0
70 70 0
48 48 0
22 22 1
31 31 0
78 78 0
6 6 0
55 55 1
19 19 1
72 72 0
56 56 0
57 57 0
16 16 0
47 47 0
86 86 1
94 94 0
83 83 1
45 45 0
38 38 0
29 29 0
1 1 0
41 41 0
76 76 0
37 37 1
26 26 0
68 68 1
77 77 1
51 51 0
7 7 1
91 91 0
53 53 0
81 81 1
99 99 0
5 5 1
58 58 1
44 44 1
17 17 0
89 89 0
11 11 1
84 84 0
40 40 1
8 8 1
64 64 0
59 59 0
13 13 0
49 49 1
35 35 0
15 15 1
90 90 0
98 98 1
88 88 1
79 79 0
60 60 1
75 75 0
4 4 1
65 65 0
80 80 0
33 33 1
32 32 0
96 96 1
99 14 91365621108548659
73 73 1
9 9 1
26 26 0
97 97 1
24 24 0
23 23 1
13 13 0
3 3 0
37 37 0
75 75 1
45 45 0
2 2 1
93 93 0
61 61 1
98 95 6
22 22 1
39 39 0
70 70 0
26 26 1
63 63 0
72 72 1
42 42 0
37 37 0
90 90 1
86 86 0
56 56 1
55 55 1
21 21 1
28 28 1
36 36 1
89 89 0
93 93 0
49 49 1
23 23 1
9 9 0
66 66 0
30 30 0
73 73 0
34 34 1
51 51 1
32 32 0
57 57 0
68 68 0
80 80 1
91 91 0
10 10 0
8 8 0
15 15 1
7 7 1
31 31 1
5 5 1
53 53 1
4 4 0
18 18 0
61 61 1
16 16 0
17 17 1
74 74 0
77 77 1
71 71 1
50 50 0
48 48 1
20 20 0
11 11 0
41 41 1
67 67 0
59 59 1
69 69 1
92 92 0
98 98 0
95 95 0
58 58 1
84 84 1
29 29 0
33 33 0
14 14 0
19 19 1
75 75 1
43 43 1
78 78 1
81 81 0
2 2 1
65 65 0
24 24 1
60 60 0
97 97 1
85 85 0
54 54 0
45 45 1
40 40 1
12 12 0
88 88 1
96 96 0
44 44 1
27 27 0
38 38 1
64 64 0
1 1 0
76 76 1
46 46 0
79 79 1
62 62 1
13 13 1
6 6 1
52 52 1
82 82 0
94 94 0
3 3 1
35 35 1
83 83 1
98 73 27877795
16 16 1
46 46 1
75 75 0
93 93 0
29 29 1
88 88 0
58 58 0
66 66 0
43 43 0
44 44 0
17 17 1
94 94 1
69 69 1
53 53 0
9 9 0
1 1 1
25 25 0
68 68 1
86 86 0
41 41 0
21 21 0
81 81 0
97 97 0
23 23 1
10 10 1
59 59 0
73 73 0
45 45 0
19 19 0
64 64 0
27 27 1
37 37 0
57 57 0
5 5 0
26 26 0
4 4 1
87 87 1
79 79 0
65 65 1
47 47 0
96 96 0
2 2 1
11 11 0
38 38 0
72 72 0
60 60 1
22 22 1
50 50 1
71 71 1
56 56 0
28 28 0
74 74 1
85 85 1
49 49 0
80 80 1
42 42 0
84 84 1
18 18 1
3 3 1
63 63 0
12 12 0
24 24 1
52 52 1
91 91 1
48 48 1
30 30 0
89 89 0
95 95 1
77 77 1
92 92 1
14 14 1
33 33 1
61 61 0
91 54 93748207240
35 35 1
65 65 1
76 76 1
27 27 1
77 77 0
79 79 0
83 83 1
64 64 1
25 25 0
68 68 0
19 19 0
45 45 0
29 29 1
78 78 0
42 42 0
50 50 0
56 56 1
15 15 0
85 85 0
67 67 1
7 7 0
31 31 0
75 75 0
2 2 1
12 12 0
86 86 1
38 38 0
20 20 0
57 57 0
88 88 1
32 32 1
40 40 1
89 89 1
48 48 1
66 66 1
55 55 0
39 39 0
74 74 1
10 10 0
16 16 1
69 69 0
54 54 0
91 91 1
28 28 1
63 63 1
70 70 0
24 24 1
36 36 1
30 30 1
5 5 0
41 41 0
18 18 1
59 59 1
34 34 0
93 64 220983425
27 27 0
42 42 0
79 79 0
83 83 0
59 59 1
5 5 1
40 40 0
32 32 1
80 80 1
21 21 0
4 4 0
13 13 0
72 72 0
82 82 1
50 50 1
34 34 1
62 62 0
60 60 1
85 85 1
17 17 1
54 54 1
70 70 1
89 89 0
28 28 0
77 77 1
30 30 0
81 81 1
6 6 1
15 15 1
10 10 0
87 87 0
73 73 0
37 37 1
24 24 1
58 58 0
66 66 0
9 9 0
1 1 1
75 75 0
31 31 0
23 23 0
47 47 0
78 78 1
71 71 1
18 18 1
20 20 1
65 65 0
67 67 0
33 33 1
76 76 1
68 68 1
38 38 1
41 41 1
45 45 1
19 19 1
11 11 0
90 90 0
35 35 0
51 51 0
52 52 1
7 7 1
64 64 0
86 86 0
44 44 1
100 6 435417212350181629
26 26 1
69 69 1
80 80 0
63 63 0
66 66 0
57 57 1
95 76 468309
26 26 1
86 86 0
9 9 0
67 67 1
34 34 0
33 33 1
16 16 0
48 48 0
95 95 0
51 51 0
94 94 1
91 91 1
11 11 1
93 93 0
87 87 1
88 88 1
35 35 1
90 90 0
73 73 0
28 28 0
4 4 0
57 57 0
49 49 1
10 10 1
6 6 0
30 30 1
8 8 0
13 13 1
38 38 1
65 65 1
24 24 0
27 27 1
69 69 1
1 1 1
39 39 0
66 66 0
74 74 0
64 64 1
62 62 0
60 60 1
22 22 1
72 72 0
2 2 0
19 19 1
55 55 0
89 89 0
59 59 1
31 31 1
50 50 1
5 5 0
17 17 0
7 7 0
45 45 0
70 70 0
41 41 1
15 15 0
71 71 1
85 85 1
47 47 0
32 32 1
3 3 1
63 63 0
43 43 1
23 23 1
36 36 0
76 76 0
84 84 0
20 20 0
44 44 0
40 40 0
78 78 0
80 80 0
52 52 1
37 37 1
83 83 1
77 77 1
91 68 5622600
71 71 1
14 14 0
12 12 0
26 26 0
31 31 1
53 53 0
89 89 0
50 50 0
19 19 0
30 30 1
74 74 1
6 6 0
65 65 1
76 76 0
86 86 0
8 8 1
33 33 0
45 45 0
48 48 1
1 1 0
38 38 0
17 17 1
79 79 0
10 10 1
4 4 1
47 47 0
49 49 1
77 77 0
41 41 0
91 91 0
25 25 1
87 87 1
18 18 1
3 3 1
36 36 0
22 22 1
67 67 0
78 78 0
62 62 1
70 70 0
11 11 1
28 28 1
13 13 1
37 37 0
55 55 1
32 32 1
21 21 1
56 56 1
54 54 1
20 20 1
7 7 0
57 57 1
80 80 1
52 52 0
66 66 0
39 39 0
59 59 1
5 5 1
23 23 1
73 73 0
9 9 0
88 88 0
51 51 1
35 35 1
60 60 0
82 82 1
40 40 1
58 58 0
97 56 1258420659682
1 1 0
51 51 0
35 35 0
33 33 0
24 24 1
29 29 0
10 10 1
61 61 0
83 83 0
38 38 0
68 68 0
44 44 0
79 79 1
69 69 0
90 90 1
52 52 1
45 45 0
47 47 0
96 96 1
34 34 0
76 76 1
12 12 0
28 28 1
4 4 0
18 18 0
91 91 0
75 75 1
88 88 0
58 58 0
16 16 0
13 13 0
71 71 0
60 60 1
21 21 1
32 32 0
78 78 1
59 59 1
73 73 0
64 64 1
53 53 1
66 66 0
48 48 1
77 77 0
93 93 0
72 72 1
82 82 0
11 11 1
14 14 0
95 95 0
87 87 1
3 3 0
67 67 1
54 54 1
63 63 1
27 27 0
7 7 0
91 83 166
58 58 0
12 12 0
86 86 0
61 61 1
16 16 1
35 35 0
54 54 0
82 82 1
68 68 1
50 50 0
33 33 0
5 5 0
6 6 0
30 30 0
14 14 0
31 31 1
18 18 1
60 60 1
59 59 1
76 76 1
22 22 0
24 24 1
57 57 0
8 8 0
85 85 1
1 1 1
23 23 0
79 79 1
4 4 1
13 13 0
39 39 1
11 11 1
53 53 0
47 47 0
64 64 0
67 67 0
56 56 1
72 72 0
27 27 1
89 89 0
91 91 0
19 19 1
81 81 1
36 36 0
55 55 1
71 71 1
48 48 0
51 51 0
65 65 1
20 20 0
17 17 0
63 63 1
88 88 1
44 44 0
2 2 1
80 80 0
49 49 1
7 7 1
37 37 0
77 77 1
84 84 0
41 41 1
29 29 0
78 78 1
62 62 1
10 10 1
34 34 0
83 83 1
9 9 1
87 87 0
73 73 1
42 42 1
15 15 0
90 90 1
25 25 0
43 43 1
32 32 1
28 28 1
40 40 1
3 3 0
75 75 1
21 21 0
26 26 1
96 26 135164906174156862
44 44 1
49 49 1
60 60 1
28 28 0
40 40 0
10 10 0
58 58 1
78 78 1
32 32 1
13 13 1
33 33 1
88 88 0
75 75 1
89 89 1
46 46 1
79 79 0
55 55 1
56 56 0
15 15 1
68 68 1
29 29 1
3 3 1
66 66 1
37 37 0
16 16 0
53 53 0
100 17 160003889674467133
87 87 1
1 1 0
44 44 1
51 51 1
16 16 1
11 11 0
46 46 1
47 47 0
13 13 0
7 7 1
57 57 1
58 58 0
4 4 1
17 17 1
82 82 0
36 36 0
50 50 1
95 79 22271
27 27 0
46 46 1
43 43 1
25 25 0
93 93 1
95 95 0
60 60 0
92 92 1
18 18 0
57 57 1
70 70 0
34 34 0
33 33 1
4 4 0
3 3 1
35 35 0
9 9 0
44 44 1
15 15 1
13 13 0
52 52 1
86 86 0
58 58 0
74 74 0
16 16 0
69 69 0
31 31 1
45 45 0
1 1 0
24 24 1
42 42 1
67 67 1
59 59 1
2 2 0
91 91 1
20 20 1
84 84 1
79 79 0
26 26 1
77 77 1
41 41 1
19 19 0
6 6 1
68 68 0
12 12 1
8 8 0
30 30 1
81 81 1
71 71 1
55 55 0
28 28 0
65 65 1
53 53 0
32 32 1
54 54 0
22 22 1
78 78 1
10 10 1
47 47 0
50 50 1
85 85 0
5 5 1
49 49 0
17 17 1
72 72 0
76 76 1
7 7 1
48 48 0
23 23 0
62 62 0
29 29 0
21 21 1
73 73 0
63 63 1
88 88 0
51 51 1
61 61 0
14 14 0
56 56 0
98 30 989941671789708466
86 86 0
64 64 1
35 35 1
65 65 1
45 45 0
85 85 1
48 48 1
21 21 1
39 39 0
66 66 1
97 97 0
60 60 0
92 92 1
25 25 1
67 67 0
6 6 1
37 37 1
20 20 0
76 76 1
33 33 1
3 3 1
9 9 0
43 43 1
79 79 1
61 61 0
34 34 0
31 31 0
68 68 1
49 49 0
98 98 0
96 94 4
95 95 0
88 88 0
87 87 0
60 60 1
7 7 0
56 56 0
34 34 0
77 77 0
5 5 0
1 1 0
62 62 1
41 41 1
75 75 1
53 53 0
49 49 0
52 52 0
40 40 0
20 20 1
76 76 0
48 48 0
44 44 1
33 33 0
57 57 0
69 69 0
65 65 1
37 37 0
3 3 0
85 85 0
58 58 0
74 74 0
22 22 0
82 82 0
94 94 0
78 78 0
96 96 0
54 54 0
15 15 0
45 45 0
42 42 1
64 64 1
86 86 1
89 89 1
43 43 1
19 19 0
36 36 1
30 30 1
90 90 0
18 18 0
50 50 1
80 80 0
51 51 0
73 73 0
23 23 1
91 91 0
55 55 1
35 35 0
70 70 0
6 6 0
81 81 0
25 25 1
79 79 0
10 10 0
17 17 0
63 63 1
8 8 0
67 67 1
13 13 0
2 2 0
93 93 0
92 92 1
29 29 0
61 61 0
9 9 0
12 12 1
83 83 0
68 68 1
31 31 1
11 11 1
27 27 0
32 32 0
14 14 0
28 28 0
59 59 0
46 46 1
47 47 1
38 38 0
26 26 1
84 84 1
4 4 0
72 72 0
16 16 0
71 71 0
21 21 1
24 24 0
99 73 3624698
90 90 1
93 93 0
13 13 0
49 49 1
27 27 1
80 80 0
58 58 0
86 86 0
92 92 1
63 63 1
39 39 0
25 25 0
32 32 1
9 9 0
78 78 0
45 45 1
85 85 1
56 56 0
60 60 0
40 40 0
23 23 0
35 35 1
94 94 0
71 71 0
70 70 0
73 73 0
81 81 0
97 97 1
42 42 1
19 19 1
47 47 0
17 17 1
64 64 1
5 5 0
53 53 0
33 33 0
11 11 0
74 74 1
79 79 0
84 84 0
54 54 0
7 7 1
55 55 1
6 6 0
3 3 1
66 66 0
59 59 1
75 75 1
12 12 0
20 20 0
83 83 0
15 15 1
57 57 1
69 69 0
72 72 1
26 26 0
24 24 0
82 82 1
88 88 1
31 31 0
48 48 1
68 68 1
4 4 1
1 1 1
46 46 1
51 51 0
95 95 1
22 22 0
91 91 1
50 50 0
8 8 1
28 28 1
67 67 0
